0 0 8 25 27 0 34 78 0 40 0 0 0 0 38 5 53 37 0 19 25 0 0 58 0 34 0 96 24 10 56 0 69 0 48 0 0 56 84 41 91 0 69 0 0 30 6 97 75 47 0 36 74 88 12 86 9 64 25 38 10 0 0 59 45 96 0 0 53 12 37 94 28 70 100 25 0 65 39 0 4 0 0 0 97 91 0 0 70 0 58 0 87 94 72 80 1 11 16 54 82 8 0 86 15 46 50 42 1 0 14 23 49 0 92 99 64 43 24 11 0 53 0 30 18 0 26 31 0 0 35  
0 0 66 11 69 0 95 0 0 93 86 0 0 67 42 0 61 87 2 0 0 0 0 86 86 19 65 25 8 0 11 17 18 55 0 7 14 68 0 0 29 0 10 66 65 78 0 0 17 0 64 0 24 54 47 37 37 0 67 56 0 15 25 65 4 66 30 32 0 63 55 26 0 26 88 92 0 31 94 0 80 55 21 60 0 94 50 97 50 21 90 40 94 64 17 97 37 0 92 42 0 1 75 0 63 79 0 21 0 0 41 45 15 82 0 41 48 16 74 0 10 3 33 81 37 0 0 19 0 33 38  
79 40 0 5 99 41 0 73 1 24 0 88 32 39 0 96 52 66 16 32 96 43 7 0 0 79 0 83 0 75 95 77 0 56 11 0 0 46 54 0 0 69 0 5 0 0 18 95 0 66 0 59 96 8 63 10 0 0 79 0 19 19 12 8 0 41 81 0 0 99 23 95 45 17 14 26 0 85 65 2 82 63 0 47 64 0 80 6 0 0 31 0 49 26 40 18 91 0 36 64 59 81 21 0 27 52 39 0 22 45 0 22 77 81 51 53 69 1 10 25 0 54 36 0 0 4 8 88 81 64 0  
0 0 0 0 95 40 7 0 12 34 33 61 58 11 95 38 29 32 2 4 91 24 0 0 65 34 0 0 27 75 0 56 22 71 0 16 78 0 84 50 81 97 11 37 0 19 0 91 0 57 42 9 72 98 42 68 0 92 67 32 39 89 33 4 6 84 37 9 16 0 0 0 0 0 60 97 66 90 94 0 16 72 95 15 0 26 76 51 75 1 34 100 11 52 66 33 45 100 0 0 99 55 1 67 69 8 12 5 32 38 39 0 26 68 71 0 90 89 90 0 0 0 89 50 56 83 0 8 45 0 0  
59 0 25 87 0 46 74 0 23 0 17 59 14 89 6 57 41 0 64 3 69 21 89 48 92 45 18 0 0 14 62 0 100 29 10 46 75 33 81 66 24 7 42 72 83 0 90 93 0 0 44 86 74 0 37 66 1 0 0 96 90 0 68 63 62 82 39 28 0 52 30 70 0 75 49 0 28 0 34 34 97 27 66 52 33 19 0 0 44 0 68 91 56 0 0 83 47 10 78 7 18 100 79 74 0 32 90 66 0 91 12 37 0 91 0 0 74 65 26 5 20 66 10 30 38 72 75 91 23 0 34  
0 0 92 45 63 0 81 96 0 22 58 62 0 0 0 2 26 88 60 10 18 6 0 22 95 64 0 53 0 0 23 43 21 49 59 47 0 35 67 0 40 29 75 39 0 0 0 0 0 0 26 60 96 71 55 0 0 7 0 0 76 0 11 87 48 86 3 56 0 45 0 0 62 74 65 0 95 16 0 0 27 0 0 0 97 33 84 24 40 66 86 28 60 0 71 18 1 2 0 60 99 38 0 15 0 0 23 0 90 58 9 81 81 0 26 52 54 85 0 87 0 32 7 74 0 0 35 81 16 97 74  
8 15 85 0 0 15 0 6 0 0 83 29 71 2 10 48 86 50 0 80 0 10 34 93 77 70 9 0 31 18 49 22 97 8 0 17 26 0 79 0 93 99 47 74 0 89 94 76 8 66 0 97 85 85 48 17 45 77 90 39 8 0 79 79 36 7 0 69 0 70 94 11 42 10 0 89 0 0 18 68 57 0 42 1 79 3 99 79 48 19 41 39 91 52 63 50 0 0 68 2 32 0 82 0 40 11 100 0 0 22 99 23 55 15 2 83 56 20 56 19 88 0 37 0 70 0 24 61 82 0 76  
94 63 0 44 71 98 22 0 52 0 38 61 0 25 56 30 0 41 100 95 54 92 0 7 57 0 0 80 16 73 69 59 70 0 77 100 0 0 0 68 0 0 25 0 75 1 18 17 0 19 11 3 20 12 44 40 70 71 7 0 26 57 37 38 0 76 83 48 0 54 60 31 81 14 65 75 89 89 73 78 0 68 55 28 0 71 27 0 63 0 0 16 23 24 0 0 0 0 0 0 98 10 15 0 6 33 55 0 25 42 46 90 2 66 0 73 48 0 0 34 86 0 92 33 95 29 0 24 100 0 0  
58 0 0 28 0 79 94 0 0 49 72 0 47 22 32 47 1 80 89 0 0 50 0 6 0 92 44 37 100 50 69 96 0 42 23 49 54 0 47 0 93 57 4 0 71 0 0 0 0 87 0 2 15 97 47 38 4 0 9 0 81 22 33 66 72 0 36 86 0 88 0 65 0 40 54 9 12 27 0 16 65 79 47 58 0 0 11 42 81 43 41 0 56 0 45 61 41 27 46 52 65 0 88 74 70 74 46 60 0 71 59 37 73 0 0 0 98 17 0 69 6 25 54 40 98 19 0 0 0 29 100  
84 0 19 74 51 100 61 0 0 0 50 66 15 0 8 73 83 6 93 26 0 48 4 68 32 46 67 12 45 0 0 23 25 0 19 7 55 30 49 25 56 41 46 3 77 71 0 0 21 37 57 75 59 0 94 3 0 84 98 0 0 0 0 27 1 1 89 24 90 95 85 42 26 22 22 62 88 0 24 92 89 35 39 27 0 79 61 16 0 0 0 42 9 14 46 44 44 0 69 22 93 89 17 88 0 78 0 95 0 0 0 22 47 0 83 95 0 64 0 21 43 86 0 24 65 19 61 68 0 4 0  
90 0 56 41 74 36 10 0 41 0 0 91 58 63 61 24 67 0 73 4 33 20 45 88 92 21 42 93 93 78 15 93 0 90 53 29 7 0 0 63 43 72 24 58 23 0 85 59 0 49 12 62 0 57 60 0 78 75 49 78 0 0 64 7 41 67 95 20 80 95 78 0 74 79 0 73 57 53 0 11 52 0 71 0 69 0 67 81 0 73 65 6 3 42 0 19 90 28 17 10 90 45 33 0 7 22 47 19 97 73 19 84 10 41 6 0 48 0 59 0 64 12 75 94 21 5 0 65 43 29 82  
50 21 0 0 44 5 68 84 0 53 95 0 77 85 76 28 44 90 35 100 0 4 0 49 70 0 0 0 18 0 0 11 0 39 84 40 53 8 97 0 88 0 6 94 0 35 77 28 78 39 69 84 20 97 85 0 17 41 72 42 90 0 53 90 51 11 100 84 30 76 0 11 0 0 77 0 35 29 1 70 65 0 90 45 31 36 27 12 48 46 90 89 35 82 8 65 67 41 83 0 0 25 70 48 0 15 76 52 62 0 4 77 5 81 8 0 39 0 0 26 28 0 16 0 0 51 22 72 0 49 0  
58 4 10 77 0 0 25 13 0 0 0 78 0 44 21 54 99 0 16 0 54 0 19 0 73 27 62 97 0 0 18 25 0 5 0 0 0 57 71 19 61 0 54 0 98 47 97 0 21 0 38 0 27 88 93 0 32 0 0 63 39 43 0 0 0 0 1 7 0 42 0 0 35 74 0 10 42 59 54 0 42 50 41 0 89 32 89 95 76 99 12 26 86 71 73 45 46 30 88 5 70 88 88 8 38 56 21 51 40 10 0 65 65 51 0 49 0 73 8 41 68 82 87 0 47 53 0 78 38 0 15  
79 87 76 39 53 7 0 8 2 0 0 74 86 0 26 41 63 19 81 0 54 0 14 47 16 73 61 0 0 0 0 0 53 10 0 30 76 43 61 35 5 55 76 1 9 12 5 74 14 48 75 48 75 17 20 14 22 71 66 4 48 0 28 74 25 74 95 53 0 96 2 0 72 0 0 0 51 0 56 74 91 75 0 64 0 77 87 55 0 8 79 0 26 21 0 2 0 0 14 14 36 3 34 0 27 28 87 5 71 0 21 27 65 86 65 61 30 10 67 69 4 39 66 72 84 66 68 7 81 63 16  
11 73 0 0 27 93 0 25 9 56 14 33 0 49 0 28 0 0 0 0 80 68 84 9 36 0 0 2 82 37 29 32 13 63 38 37 0 45 0 18 78 67 0 35 17 78 1 27 49 53 40 9 55 44 67 19 0 92 6 32 54 53 0 17 0 73 44 44 48 52 62 66 0 4 51 0 12 5 72 91 16 0 32 90 81 83 20 52 100 77 21 6 92 0 0 49 83 0 4 61 0 63 52 23 0 96 43 0 42 0 32 11 43 59 0 95 31 84 9 31 0 4 0 73 0 59 0 15 71 100 75  
0 100 0 69 30 0 16 0 82 60 23 69 18 18 91 0 16 18 0 92 0 39 0 63 97 48 0 0 57 0 40 88 0 14 0 97 0 34 0 95 94 99 0 42 0 97 55 32 14 12 46 0 22 92 62 0 60 83 86 0 67 0 100 0 29 66 49 22 33 31 37 91 0 54 61 0 20 7 68 0 20 89 42 47 40 18 0 25 99 0 0 9 0 56 89 73 70 78 8 27 0 69 80 26 65 92 31 0 65 45 80 80 76 83 98 78 77 88 37 82 16 0 4 60 71 68 0 61 42 95 73  
0 42 18 43 85 83 32 47 0 87 0 15 0 39 13 100 0 6 49 83 29 20 0 52 14 59 41 77 57 0 0 55 50 6 4 0 19 98 39 0 62 48 48 6 0 0 13 37 0 27 68 3 15 15 0 0 0 4 38 80 67 0 80 70 0 91 30 38 78 42 48 70 94 0 10 94 17 0 1 83 76 0 0 0 14 33 0 4 33 0 91 24 30 0 69 21 0 44 67 86 0 27 14 47 19 0 43 71 61 64 0 97 21 9 54 95 12 0 76 7 36 46 36 0 0 98 67 0 0 93 8  
92 0 4 81 79 65 73 100 99 90 42 68 74 0 0 28 11 0 60 49 36 61 30 72 0 58 0 82 84 32 30 0 73 0 80 0 0 8 0 91 57 0 77 0 0 51 73 74 53 60 0 74 51 92 0 23 30 0 0 43 71 84 48 98 0 82 45 31 20 26 97 0 77 0 57 0 6 0 55 38 86 67 76 26 0 0 0 0 90 0 52 70 73 0 36 17 33 0 46 63 0 14 86 88 25 60 46 0 70 0 31 45 14 23 8 0 45 19 20 0 100 46 10 1 0 75 0 48 13 45 79  
71 0 24 49 0 0 0 52 0 0 0 91 64 63 62 59 0 70 0 24 70 73 86 73 59 0 87 34 20 55 49 44 68 11 70 52 0 0 13 88 0 90 0 0 78 15 0 14 64 100 0 0 0 72 0 25 10 53 28 21 0 2 0 16 70 95 0 21 49 0 0 0 44 30 23 49 98 54 25 80 16 0 34 64 77 9 0 0 0 0 0 1 0 62 15 63 8 86 0 54 18 8 65 0 83 52 44 100 48 86 33 12 89 49 89 88 21 0 0 0 0 0 88 0 0 60 0 75 68 0 59  
21 25 0 0 5 91 42 0 0 60 100 44 0 0 22 12 8 20 0 0 86 3 56 100 0 55 62 72 54 25 76 15 26 0 89 0 0 0 77 88 3 0 28 11 4 81 69 49 72 9 0 21 0 5 67 0 33 34 28 48 75 0 61 22 0 0 63 92 0 96 48 62 20 84 15 38 68 77 0 0 33 59 88 0 41 75 7 6 0 57 84 15 29 0 94 70 0 98 21 99 88 34 13 9 83 87 0 11 21 16 30 22 49 88 10 59 54 84 23 0 54 0 78 56 96 69 53 30 25 22 66  
15 0 0 11 0 18 28 24 86 48 84 0 30 86 44 24 0 0 25 79 0 45 8 20 0 69 0 0 1 77 0 72 14 0 0 56 0 72 27 50 46 15 30 0 10 0 79 87 0 3 0 0 48 0 36 32 33 47 0 0 72 78 61 97 26 84 55 0 27 60 22 21 100 85 99 74 3 84 41 35 0 97 58 0 9 7 0 0 46 13 75 17 32 84 0 68 59 76 81 67 93 32 49 0 1 50 33 3 0 0 60 0 39 30 94 0 8 62 0 0 0 96 3 10 0 38 49 55 69 52 20  
76 82 22 45 0 98 41 64 0 0 67 49 78 36 40 91 0 0 88 0 30 0 0 51 0 0 85 50 0 82 99 93 58 90 45 0 41 53 0 0 26 2 89 56 80 22 22 64 0 13 63 0 0 15 23 32 21 39 7 42 11 50 54 40 52 76 95 0 21 23 4 82 97 85 28 0 0 45 1 37 77 54 51 13 0 90 26 48 53 81 9 37 65 1 48 66 72 99 93 70 10 43 90 0 0 0 77 0 0 0 0 74 83 0 39 24 44 16 80 30 42 93 29 10 47 60 63 75 12 42 0  
0 88 9 0 86 76 63 0 55 45 0 56 99 57 60 36 0 82 0 0 96 93 0 82 12 16 94 80 24 0 26 71 82 19 33 77 86 0 0 48 0 57 58 29 90 0 7 0 84 8 84 40 86 14 0 0 19 74 23 0 0 12 5 71 77 0 0 45 13 71 0 82 39 27 5 16 10 29 56 26 32 26 0 50 24 26 76 20 97 27 39 95 63 0 57 0 7 35 0 13 0 0 66 77 63 0 89 6 0 41 74 0 32 0 11 91 7 42 82 13 0 0 0 0 62 73 31 82 0 83 99  
49 0 21 68 1 76 0 46 19 6 0 58 35 15 19 0 14 73 0 50 47 0 87 0 53 0 0 97 6 95 0 29 73 15 0 63 0 43 0 6 0 0 2 89 3 54 41 49 3 0 86 0 0 41 94 40 0 15 28 31 0 64 74 5 65 43 96 91 11 58 48 40 54 19 13 52 29 0 26 60 28 96 34 41 93 48 14 0 48 0 78 22 10 5 71 22 37 39 52 0 76 37 69 21 16 9 0 0 19 0 29 1 43 7 29 3 0 0 77 14 4 29 63 3 20 54 53 0 9 21 0  
0 83 35 0 66 0 0 90 0 69 0 94 42 100 14 71 96 0 18 0 0 18 0 0 0 37 84 15 29 32 15 42 86 61 59 80 0 42 4 78 0 59 0 66 0 2 85 63 74 4 0 89 36 0 0 6 0 86 0 32 66 41 27 24 0 0 38 94 9 91 0 13 0 66 3 17 0 64 20 89 0 82 86 44 0 0 0 0 0 8 69 27 0 58 58 96 27 47 85 0 0 55 80 0 31 87 49 0 0 0 0 77 64 86 39 18 85 29 56 42 26 0 82 84 41 4 38 98 77 71 76  
26 46 74 90 6 0 23 62 13 0 0 75 94 81 56 1 32 68 0 68 36 13 23 0 100 0 73 0 84 61 0 56 76 54 0 22 22 0 0 9 14 0 3 6 46 6 0 93 0 15 90 93 8 58 90 49 0 92 0 56 98 14 25 91 46 22 46 69 9 63 0 96 78 72 0 41 66 2 47 12 0 54 84 0 0 6 45 54 49 0 39 35 0 70 0 44 62 99 0 7 13 58 0 0 65 0 67 0 96 58 0 0 88 2 90 6 90 29 24 35 50 68 0 0 0 66 45 60 26 0 0  
0 83 90 96 1 28 0 33 89 0 0 99 15 0 0 79 18 0 49 86 6 54 0 34 0 0 0 47 5 5 81 40 0 19 89 6 15 58 0 99 78 90 12 2 0 20 7 0 74 26 0 58 23 7 98 0 36 28 0 53 0 0 0 0 0 92 53 75 0 45 92 0 0 55 36 0 34 0 53 0 0 0 0 0 60 0 0 82 18 63 0 0 79 0 40 44 71 23 68 0 0 0 86 96 0 0 35 0 23 0 71 0 64 80 39 17 0 99 0 0 23 56 26 79 46 74 76 0 0 93 75  
99 0 87 0 85 5 45 62 47 0 0 0 40 20 0 39 97 0 33 0 14 51 0 33 14 0 0 0 46 46 0 0 0 60 76 44 0 2 68 26 0 84 49 97 61 53 24 41 0 12 72 52 3 63 26 91 94 56 41 22 99 0 0 41 87 54 0 0 3 0 0 85 78 0 98 84 0 12 0 57 0 0 3 39 9 25 92 99 17 57 0 0 32 0 0 0 90 21 0 14 5 39 73 41 52 75 0 0 22 9 0 41 94 30 81 88 89 64 0 33 4 30 15 88 14 56 9 95 4 23 27  
18 81 0 94 72 0 42 39 14 0 50 64 36 0 46 21 19 49 0 74 0 0 76 0 0 48 0 42 0 35 55 92 68 93 96 0 83 92 62 72 96 61 44 80 62 52 29 17 0 52 22 26 58 46 31 70 0 0 51 65 0 56 79 62 80 99 82 85 0 0 0 14 97 0 21 52 34 87 13 36 0 0 36 50 89 29 43 13 0 0 0 0 0 86 0 15 47 0 86 94 0 15 70 0 25 36 66 50 3 0 74 90 72 67 0 0 76 0 0 67 50 2 11 31 0 100 46 0 92 30 9  
20 7 54 37 76 22 0 14 63 89 80 0 76 17 0 21 0 35 0 0 52 17 0 81 72 30 0 0 0 0 0 54 13 51 32 89 4 0 14 0 55 0 0 47 0 0 70 12 62 88 98 56 0 22 51 56 50 24 100 58 0 0 95 74 43 57 0 77 0 0 56 32 0 0 6 32 9 3 0 38 17 55 94 29 10 77 94 13 61 9 51 35 87 0 77 59 77 21 56 5 52 66 85 19 0 0 16 70 41 0 0 14 0 0 16 56 87 90 88 87 0 93 58 21 80 72 0 53 20 49 69  
93 10 0 9 86 0 25 85 36 51 7 84 0 39 35 10 53 89 0 60 27 32 75 0 14 0 85 0 40 49 0 6 21 64 87 91 76 81 0 69 85 4 36 0 91 6 42 0 58 27 84 7 64 36 98 84 98 0 94 0 0 19 38 5 88 14 18 75 40 21 0 18 0 21 47 62 45 0 64 41 18 2 70 37 51 0 24 64 32 69 69 0 64 29 28 80 0 6 27 96 31 20 7 30 0 81 0 98 0 0 63 91 0 95 0 49 92 45 0 0 54 85 64 0 54 42 1 64 28 6 0  
0 0 76 16 72 12 0 0 50 0 96 0 30 67 0 10 3 46 85 85 0 0 30 0 98 0 2 50 0 0 74 0 20 27 78 82 0 4 51 43 60 68 64 85 80 25 78 37 24 59 72 27 53 89 3 16 0 39 0 91 65 0 59 0 61 0 87 43 4 0 0 76 35 99 18 29 41 41 0 1 89 0 0 8 73 0 42 92 25 0 81 25 0 19 8 14 0 33 14 0 71 69 10 5 0 94 28 43 4 46 0 81 0 0 0 94 34 9 10 88 27 86 0 74 84 74 19 0 16 37 0  
0 74 55 8 18 15 20 0 15 39 49 16 2 0 25 70 39 83 46 24 0 26 52 14 0 73 51 85 0 49 21 6 0 63 31 58 0 100 74 12 39 28 64 75 20 0 0 14 0 78 12 57 4 15 11 34 31 92 0 0 0 36 78 0 61 0 23 0 0 36 68 76 0 75 92 34 75 38 73 32 33 6 31 70 0 61 76 0 11 42 90 42 0 80 54 99 45 11 0 100 19 33 3 100 33 43 80 0 29 73 0 50 21 79 0 42 91 74 75 55 0 66 83 84 83 9 56 86 0 21 0  
8 44 45 6 69 8 13 0 0 39 0 49 26 43 0 18 0 0 0 33 87 53 0 13 0 69 0 44 70 80 0 0 15 0 98 0 35 0 2 0 71 87 0 0 76 0 66 100 93 93 64 0 46 16 0 0 55 61 77 0 65 53 26 0 45 15 0 0 42 93 86 18 95 30 76 50 70 4 0 0 0 26 92 52 0 9 0 0 0 0 0 69 77 24 51 100 24 57 20 26 0 0 73 21 28 88 19 84 12 48 11 71 52 0 0 75 0 0 0 66 83 0 22 16 0 54 69 83 25 44 49  
97 85 0 89 22 53 38 49 58 0 13 0 93 68 57 86 18 82 0 87 7 97 68 65 92 98 66 0 0 97 0 98 58 0 0 0 54 94 66 71 19 0 92 5 73 56 23 0 0 26 39 99 49 94 92 88 14 97 39 0 39 49 17 27 0 37 0 0 0 10 0 13 73 48 0 43 53 39 76 27 100 28 65 98 96 99 93 89 39 0 29 60 19 85 44 26 0 2 0 8 62 0 98 71 0 73 0 50 70 4 82 59 15 8 97 94 30 0 73 0 39 0 21 85 87 0 0 0 0 11 36  
5 94 20 42 0 20 13 6 1 44 67 52 68 69 57 59 8 52 31 0 56 9 81 0 20 50 31 29 0 35 0 28 2 68 1 0 98 33 56 81 57 0 8 53 0 73 35 77 18 61 27 59 77 88 85 32 93 0 54 65 4 22 16 0 50 3 0 62 60 37 20 0 38 0 0 6 53 42 45 20 41 33 1 31 11 0 8 28 45 34 0 0 48 44 0 37 0 12 37 94 69 39 47 14 97 19 23 91 0 92 0 0 11 0 46 83 74 84 26 77 0 50 18 24 86 78 97 16 1 27 61  
42 97 17 53 0 100 32 35 44 54 51 50 72 38 47 43 33 22 0 0 0 13 0 20 0 0 5 44 86 8 97 36 0 48 23 34 0 65 97 96 60 16 69 80 0 55 50 84 0 78 83 100 41 68 0 0 59 4 66 69 48 66 0 48 0 0 85 6 0 30 48 4 25 83 67 55 12 63 1 9 0 75 83 88 54 23 29 79 82 0 97 0 34 52 16 56 0 0 88 11 62 28 0 42 0 95 79 0 29 0 58 8 64 41 0 42 0 19 34 30 62 47 45 0 89 51 68 13 83 57 96  
0 0 17 0 47 87 3 38 72 79 45 99 59 96 0 22 94 33 50 30 78 0 61 0 8 28 30 0 85 0 62 0 96 0 79 0 17 0 84 70 0 79 0 55 56 0 0 29 69 57 100 0 0 32 33 83 66 12 0 84 80 0 11 24 20 54 0 27 71 59 57 35 36 0 0 84 97 0 49 18 0 46 45 6 0 58 78 0 9 38 73 12 30 0 61 43 0 0 17 40 0 89 41 29 54 38 0 51 0 0 92 47 0 0 76 59 47 0 35 57 0 26 0 39 96 0 48 20 71 65 89  
8 14 24 0 75 13 27 99 67 58 22 33 22 44 47 0 71 43 0 20 3 0 79 45 18 0 0 9 48 32 0 0 0 79 89 99 92 43 0 60 100 62 0 50 0 91 93 76 0 13 48 13 83 13 0 0 16 12 95 2 21 57 0 42 65 0 54 90 0 27 39 0 49 65 88 25 36 28 29 43 37 0 41 33 15 98 58 93 65 0 0 46 21 0 82 55 74 40 0 3 68 94 70 58 98 92 44 51 43 0 85 86 0 31 66 56 57 0 88 0 0 81 0 70 50 10 47 0 0 100 80  
0 82 92 67 14 1 0 86 33 7 76 92 54 91 66 2 9 90 28 28 0 96 63 20 67 10 11 3 33 24 0 0 72 85 17 0 90 0 41 0 71 95 0 0 0 78 24 66 0 13 0 76 63 69 22 0 86 0 0 38 67 0 0 31 0 0 79 96 24 75 6 17 69 80 87 0 91 53 0 28 80 70 91 45 64 97 70 28 22 89 0 98 88 84 44 0 8 54 0 29 0 74 38 53 38 0 36 0 0 12 70 0 0 88 50 65 0 1 63 58 0 0 84 24 42 0 0 98 29 95 0  
55 86 46 44 47 0 73 54 0 32 38 40 12 30 78 89 31 41 71 46 21 64 55 98 59 51 29 35 0 26 89 39 24 0 53 0 24 0 91 0 0 77 51 0 75 16 2 52 81 15 34 84 0 29 0 28 40 0 64 63 48 47 14 56 45 80 0 49 0 13 0 0 20 52 0 93 94 0 94 38 0 0 0 7 79 92 37 80 93 95 69 0 11 0 9 16 0 0 63 0 27 74 0 55 74 66 72 83 0 0 40 75 0 2 45 42 60 75 0 32 91 1 10 54 4 3 0 0 0 47 0  
2 59 36 0 0 0 84 0 39 24 7 6 28 28 51 94 74 24 98 3 17 0 63 0 49 52 0 44 51 0 34 46 5 0 19 86 0 20 23 58 0 0 85 76 0 8 23 91 0 0 58 0 98 0 0 57 82 38 45 44 18 0 3 83 0 43 89 6 0 0 28 87 63 0 0 0 44 58 97 0 0 0 58 42 88 0 31 0 69 24 0 47 72 89 0 86 83 0 56 81 0 12 68 35 27 36 13 70 63 62 91 64 0 46 71 49 47 23 85 26 0 32 0 72 81 0 92 41 10 0 29  
86 4 73 100 65 37 0 0 79 67 18 13 0 71 0 54 0 8 84 45 87 0 72 68 26 0 9 19 95 97 42 14 19 78 3 71 0 0 84 0 87 32 0 52 0 6 0 24 0 0 11 71 20 27 27 53 68 22 0 0 72 17 0 77 0 27 39 87 47 54 34 17 63 78 77 0 0 49 0 0 0 5 77 0 54 43 67 88 34 69 93 36 98 6 9 0 86 0 92 84 99 3 10 34 41 32 3 34 0 0 59 0 82 0 97 0 83 76 66 0 15 0 38 0 0 0 70 60 47 0 0  
44 46 84 93 56 0 12 67 0 8 0 44 70 0 85 94 58 0 78 20 62 0 74 49 18 44 91 8 42 99 49 89 29 37 78 76 76 0 0 0 46 100 85 0 88 60 54 35 86 36 0 0 9 24 16 34 0 82 0 93 0 0 73 92 54 32 48 0 84 0 0 0 0 12 73 56 47 66 0 79 0 0 61 93 72 0 26 0 0 17 84 0 46 36 8 65 0 22 37 80 74 99 52 26 14 58 0 0 48 0 0 74 0 15 43 69 23 33 99 63 53 38 51 69 26 17 57 16 85 0 0  
0 91 28 43 20 52 0 23 0 98 0 36 14 40 0 66 0 11 6 0 72 86 9 0 76 4 72 35 75 100 0 98 56 0 4 90 85 55 27 68 62 50 70 38 0 0 91 12 0 0 57 77 23 94 87 86 77 73 72 85 0 73 66 65 44 0 24 0 0 36 17 54 35 5 49 69 49 96 96 24 53 85 38 71 90 1 12 95 29 85 0 37 13 89 0 87 5 0 89 76 10 15 91 76 74 21 2 92 19 10 93 38 80 0 0 3 87 0 86 27 0 51 92 23 28 0 0 44 55 44 0  
21 58 0 48 0 57 85 51 49 3 26 100 58 24 0 63 0 51 37 57 34 0 51 95 15 81 37 61 0 15 26 66 0 48 0 98 0 0 72 47 0 5 97 36 94 0 94 28 45 37 0 28 0 0 85 24 49 0 0 15 12 0 51 81 0 14 0 99 0 55 10 61 58 77 0 0 0 79 21 0 0 27 94 59 66 56 14 12 4 0 84 8 58 87 45 23 0 45 62 40 0 63 0 7 39 0 57 100 12 4 34 20 58 0 25 48 0 0 33 39 12 81 35 60 29 0 9 0 2 0 2  
22 0 60 0 0 77 28 19 100 34 3 18 0 89 68 5 12 78 70 2 10 45 62 0 42 98 48 94 30 52 42 24 6 75 77 0 41 91 64 97 71 62 72 0 71 82 0 71 60 19 27 2 0 98 85 64 44 0 0 44 54 70 89 100 19 3 66 42 90 0 44 0 0 0 42 18 0 7 0 31 15 96 52 0 73 68 5 71 15 82 86 0 27 91 0 34 0 39 29 0 3 48 27 89 16 100 5 33 0 0 0 27 15 76 49 0 46 7 93 0 47 88 0 100 53 60 97 15 2 58 24  
35 71 0 48 0 59 0 36 0 0 83 100 0 0 0 2 27 9 1 0 71 10 61 41 0 50 9 0 52 0 68 93 96 58 94 0 0 58 1 46 64 24 54 75 83 7 0 0 47 0 0 0 23 0 20 3 52 4 42 65 0 0 78 0 85 0 73 46 66 0 55 1 0 0 28 72 83 34 60 74 0 0 0 39 0 39 32 61 0 19 23 0 84 63 0 0 62 0 0 0 0 12 25 8 87 58 68 0 99 58 0 77 99 0 0 24 96 46 100 20 54 27 65 28 14 0 80 34 16 77 0  
0 1 95 44 7 84 3 59 65 29 0 0 0 8 19 74 38 93 0 75 49 91 76 7 29 0 49 60 22 88 60 0 7 32 58 40 0 35 53 99 25 87 0 11 0 41 0 29 0 94 49 92 36 0 0 0 0 49 17 94 2 48 33 56 69 80 26 2 91 0 65 0 57 76 0 54 0 31 68 72 4 98 51 42 24 79 0 20 24 0 18 19 16 0 2 64 13 0 82 74 75 0 88 99 73 0 35 42 1 5 41 71 10 81 68 56 66 84 39 0 79 21 87 56 33 0 25 98 49 87 14  
0 11 0 6 0 0 2 81 38 69 6 9 0 42 42 15 6 96 100 10 81 77 0 0 10 0 29 3 0 66 44 72 52 13 90 2 0 0 54 0 18 88 9 86 0 20 63 62 32 0 54 0 43 46 90 54 59 68 97 0 94 96 0 17 12 46 94 0 25 43 0 43 44 0 45 82 0 83 32 51 47 1 6 2 15 87 0 0 72 91 12 0 67 40 0 0 0 74 21 67 39 0 19 87 52 41 76 91 95 43 89 0 14 66 36 97 0 93 63 0 42 68 9 0 58 0 31 84 66 0 0  
0 34 87 5 78 15 20 19 0 69 32 73 76 0 46 0 0 48 27 71 0 15 0 44 27 25 0 42 0 29 1 0 23 0 94 0 75 0 87 25 63 45 95 53 91 39 46 45 46 44 0 31 24 0 80 26 0 9 57 13 23 18 36 0 0 80 61 4 66 23 83 32 75 13 42 0 97 22 58 0 0 49 63 48 99 96 73 77 84 0 87 14 51 0 65 56 87 10 70 0 0 0 86 1 0 16 0 0 61 70 0 16 12 0 11 45 0 36 45 27 0 61 0 4 49 54 44 60 40 76 46  
0 96 49 55 0 35 47 100 70 81 66 14 97 0 63 44 61 0 47 21 4 22 26 0 26 0 60 83 0 84 60 67 22 61 0 0 0 78 58 1 0 9 73 59 0 93 95 57 28 90 29 0 7 0 46 18 31 36 78 0 0 0 81 84 79 71 17 0 0 60 0 90 54 56 53 50 47 8 62 0 0 90 0 0 67 0 52 12 17 21 9 0 52 21 47 0 0 6 0 0 0 98 0 0 71 29 0 87 93 88 17 0 95 42 53 34 56 21 16 36 0 65 0 0 0 86 63 39 92 75 0  
10 57 84 33 47 0 4 29 0 77 20 77 62 10 0 0 74 95 0 0 26 0 0 88 52 54 0 42 31 45 32 0 20 45 68 63 7 57 14 0 38 0 0 62 7 86 92 0 97 43 0 0 0 0 0 68 51 74 7 21 0 3 68 34 21 0 87 17 0 0 87 94 17 50 0 60 90 86 16 0 75 10 89 17 86 60 61 59 23 33 50 90 61 13 17 6 59 0 42 45 2 27 99 70 61 39 44 64 89 86 13 27 10 30 56 66 89 43 11 75 55 10 52 0 0 61 18 65 0 0 0  
22 0 31 18 76 0 38 73 31 0 63 13 16 41 53 69 0 63 96 68 0 8 57 0 74 83 71 36 4 48 7 62 0 46 50 42 76 26 52 48 0 93 0 7 0 58 0 0 26 52 9 72 23 0 40 0 22 54 0 0 0 52 46 0 0 0 3 32 0 5 95 59 74 7 57 22 53 58 6 26 0 41 77 43 56 29 0 0 0 0 10 0 0 79 54 2 0 0 26 0 0 74 49 3 38 59 26 23 16 0 12 0 20 100 15 0 16 98 0 35 52 13 46 23 25 86 26 0 0 24 81  
69 21 4 61 45 0 9 52 41 0 30 25 0 51 47 35 57 0 39 83 0 56 0 0 6 48 13 39 36 33 53 0 35 30 0 0 13 47 17 7 0 100 0 51 29 0 98 10 82 23 36 64 92 65 0 0 21 75 0 5 64 2 34 0 85 95 25 30 64 31 70 70 20 98 36 0 78 15 95 34 88 28 29 0 80 0 95 0 3 22 21 36 44 0 41 0 37 92 34 21 85 99 91 90 0 0 69 27 83 6 91 61 0 59 32 0 58 14 0 30 37 23 6 26 0 84 12 54 8 85 73  
1 20 30 49 97 15 43 29 2 0 23 34 82 54 0 26 67 0 0 24 52 35 61 74 0 0 32 0 54 0 0 14 0 35 4 11 0 0 17 44 30 18 38 15 34 84 0 0 0 99 56 72 0 2 20 0 27 23 19 96 0 62 15 0 0 0 96 0 22 0 12 0 0 90 8 39 0 0 0 0 20 91 7 67 33 0 72 74 58 56 37 78 11 0 5 4 38 97 44 83 55 59 52 42 27 32 0 84 79 91 54 76 0 57 35 67 0 53 0 13 0 42 3 0 0 60 75 80 71 0 0  
10 51 97 24 0 20 0 63 0 0 69 0 44 71 97 4 0 22 0 44 74 0 20 51 5 78 16 78 81 12 96 96 78 26 3 99 33 0 24 6 70 24 0 49 29 0 92 49 0 18 82 14 48 45 33 12 0 18 0 45 10 24 39 76 51 41 36 2 0 68 55 93 42 10 85 91 46 37 9 0 94 54 0 83 57 79 3 0 43 69 0 0 22 72 69 88 22 51 83 15 0 61 63 0 71 88 0 24 58 68 28 6 44 0 86 61 7 99 3 0 24 1 95 0 29 73 0 90 98 0 40  
25 23 62 75 57 4 72 0 7 0 35 0 20 48 52 94 4 91 0 86 67 44 61 70 24 27 0 75 19 16 0 12 0 23 49 11 0 0 0 14 5 12 73 92 3 39 9 0 18 81 0 0 68 11 0 22 2 0 58 85 38 45 20 25 0 5 0 51 70 6 9 89 0 0 31 83 24 98 0 0 44 36 94 0 36 0 4 0 42 52 46 23 94 24 47 0 83 67 100 19 0 42 0 0 37 0 52 77 0 90 57 13 34 0 15 38 0 76 0 11 77 0 35 0 35 100 35 10 53 90 37  
35 15 2 80 0 20 27 0 44 4 92 37 0 84 18 29 84 84 38 88 0 0 83 0 37 48 92 99 70 10 3 60 62 56 62 1 0 35 36 57 74 83 0 5 47 61 94 0 0 72 18 0 0 25 83 57 3 0 0 75 3 51 68 82 7 66 41 0 89 78 27 36 92 30 0 74 0 46 61 0 8 0 98 6 0 57 0 58 2 55 29 59 79 0 91 9 89 83 0 18 0 49 0 0 48 19 0 0 0 47 12 0 0 58 24 16 42 44 40 0 0 6 53 9 0 61 54 31 75 40 28  
0 25 0 25 50 95 0 19 0 74 62 0 76 14 83 38 2 17 52 21 51 73 0 0 71 11 95 52 23 89 0 18 71 0 0 0 81 35 41 91 0 39 16 0 52 83 0 63 82 65 85 0 0 4 0 42 60 17 71 0 73 56 80 0 25 52 0 0 39 14 17 51 61 35 0 46 87 0 67 0 0 55 0 67 74 66 68 55 0 66 19 37 88 80 0 0 37 92 35 1 1 0 96 20 48 0 56 53 28 0 40 22 82 6 99 99 0 3 0 1 0 6 6 0 64 0 0 11 77 84 26  
58 0 0 12 33 36 15 0 0 58 97 18 62 46 48 90 97 34 29 67 0 75 0 0 32 33 97 92 96 61 74 1 85 95 90 18 81 75 35 0 16 87 0 38 79 0 95 0 38 36 33 50 55 0 16 3 10 90 81 0 0 15 0 0 0 0 33 53 19 30 34 0 28 16 30 94 15 93 90 93 85 34 49 80 0 38 0 57 0 24 85 0 96 91 43 34 1 16 68 0 52 0 0 0 85 0 0 62 55 91 10 57 0 42 85 89 11 0 17 76 100 98 34 0 94 75 2 81 62 78 100  
31 32 29 43 44 78 13 76 20 33 0 70 64 0 85 51 69 50 47 12 81 65 12 77 86 53 51 62 0 66 85 100 69 0 72 12 18 12 27 85 0 93 0 30 56 71 51 0 48 0 60 0 0 79 73 62 52 75 0 23 46 0 37 51 65 46 93 0 0 45 3 69 39 99 0 0 17 29 0 44 0 0 9 1 84 41 95 62 16 84 96 0 0 5 16 35 56 0 96 0 38 0 0 0 0 63 4 35 99 0 91 63 52 80 0 59 55 0 19 0 0 67 92 99 0 28 42 98 60 53 67  
42 27 22 15 53 0 9 51 65 0 0 0 0 0 24 0 0 98 24 45 61 0 88 0 64 0 0 71 41 93 97 0 0 6 0 0 96 27 12 50 95 34 0 19 0 0 0 17 76 50 51 4 49 1 0 0 31 94 0 89 18 0 0 24 0 31 99 81 0 25 47 89 0 0 0 18 27 0 89 0 26 15 31 20 0 98 5 0 12 28 50 80 0 7 0 5 17 0 88 0 96 91 75 36 92 73 26 97 94 60 31 87 71 29 83 0 21 54 52 10 73 43 72 34 73 0 75 15 41 40 6  
73 84 19 0 52 0 72 0 0 78 89 33 15 26 66 48 0 41 83 0 0 100 4 33 0 80 31 72 0 74 37 54 0 71 8 79 2 95 95 67 0 59 23 97 75 56 43 0 0 0 24 3 91 37 0 57 0 65 18 20 52 84 0 0 0 4 91 86 15 73 92 0 43 0 0 43 57 0 96 0 25 0 0 41 97 98 75 49 0 0 0 0 66 0 53 57 53 66 0 80 0 12 0 59 90 27 50 2 54 61 0 38 41 65 0 60 0 18 91 71 83 0 99 9 57 64 0 2 58 85 0  
89 79 6 0 0 0 84 37 47 0 86 15 2 27 0 12 0 0 0 82 0 97 83 0 17 0 18 31 45 4 93 0 51 78 84 91 0 0 96 41 47 58 66 0 85 0 35 98 0 0 49 0 96 6 41 53 74 0 46 66 78 11 35 97 0 47 70 44 57 67 9 44 62 55 56 13 63 0 78 56 54 29 0 38 66 0 5 19 0 91 51 57 50 0 63 85 86 0 48 0 1 51 29 98 70 41 66 69 0 0 96 0 46 56 0 58 29 31 50 0 41 99 70 15 27 15 41 13 37 42 38  
94 0 0 13 0 0 87 7 95 86 26 0 46 9 0 26 80 23 0 56 98 0 32 22 0 62 86 80 9 0 95 5 0 0 20 0 2 17 0 0 0 1 0 83 43 93 22 34 68 25 84 37 80 38 21 0 87 60 53 14 0 0 69 87 56 0 31 21 94 42 72 32 68 21 4 0 97 0 0 63 55 31 48 4 60 2 37 0 54 48 44 0 0 27 58 0 14 29 27 34 76 39 0 28 0 72 59 0 35 0 28 79 99 18 0 37 66 0 18 66 85 0 0 11 29 35 9 19 20 35 0  
19 98 14 0 0 98 87 0 1 89 23 0 0 21 34 15 0 0 0 85 0 39 8 69 0 38 0 0 30 38 86 13 17 82 87 13 51 0 20 0 16 72 41 0 0 76 65 0 0 0 21 20 3 62 19 67 0 43 48 0 0 20 0 0 0 100 0 0 12 2 0 53 87 12 18 99 16 11 58 0 0 0 91 73 0 99 82 42 32 0 19 7 38 76 41 9 85 49 52 68 75 69 71 54 27 92 0 0 99 39 36 0 66 93 53 98 15 0 0 88 0 2 0 87 93 0 0 72 25 95 67  
0 0 0 0 47 34 75 56 31 30 53 0 75 43 0 0 76 0 3 5 0 4 95 96 97 0 79 0 0 48 61 41 32 85 13 13 29 96 71 99 0 0 52 21 0 0 54 0 0 0 37 6 42 0 5 0 34 49 0 57 0 3 86 13 3 0 0 0 0 77 0 77 18 33 81 36 62 0 45 0 0 21 3 17 35 0 0 0 76 0 0 68 78 0 0 1 70 85 54 0 0 80 67 0 0 3 39 0 89 69 0 68 38 0 18 47 52 26 0 0 81 39 77 95 59 92 88 57 23 0 0  
0 73 0 52 82 26 11 0 62 59 23 45 0 74 0 41 23 31 42 59 0 19 0 75 30 95 59 0 5 1 35 69 0 95 27 0 36 1 43 54 29 74 86 0 0 4 97 19 18 39 68 0 0 32 11 26 75 37 0 82 70 0 23 53 66 0 65 46 0 64 16 51 0 93 33 34 55 65 2 0 1 38 79 8 5 0 27 53 0 94 0 4 47 66 92 0 26 62 62 97 36 32 39 3 8 16 29 17 0 65 55 0 18 0 88 91 25 15 37 90 19 82 65 9 72 32 53 22 61 76 82  
68 0 0 0 0 75 0 52 0 87 93 14 0 0 2 95 0 28 22 66 0 63 5 0 0 0 93 100 29 0 26 9 0 87 0 9 27 0 43 0 43 85 50 71 75 91 22 48 0 34 21 71 86 0 28 0 0 26 43 0 24 15 69 94 0 12 46 85 90 0 70 4 31 40 12 22 0 7 0 78 0 86 32 64 12 69 17 82 25 5 45 32 0 76 13 66 8 0 85 44 0 7 7 18 95 50 87 22 42 20 44 61 46 59 90 34 0 6 0 18 3 14 24 0 86 0 85 62 0 0 0  
49 1 19 28 0 3 0 0 53 70 47 0 94 63 0 66 0 59 0 0 14 0 0 1 2 0 61 0 0 26 0 0 0 39 0 0 5 79 48 51 0 74 0 0 0 0 79 64 70 91 6 60 14 86 13 27 53 0 0 0 85 77 0 55 0 0 0 2 35 71 0 15 100 82 0 0 80 79 59 96 61 52 0 21 58 18 0 80 21 0 0 65 99 0 77 91 0 5 14 72 58 98 0 0 64 0 27 77 73 35 48 59 96 20 32 46 28 0 51 26 56 0 0 84 59 23 38 17 56 77 27  
85 0 39 0 66 91 88 89 0 70 89 78 21 54 58 38 78 23 16 90 99 41 68 6 68 10 0 0 76 80 0 0 0 37 97 53 0 9 0 40 63 0 96 0 0 56 68 0 0 44 0 31 42 88 0 31 18 54 48 17 20 0 64 26 84 0 0 1 0 91 0 0 26 45 15 77 92 0 60 32 0 0 0 7 32 28 0 77 22 81 24 23 24 35 31 26 0 56 68 14 31 68 65 12 0 5 82 22 8 97 0 0 89 68 87 29 89 58 68 82 11 51 66 21 0 18 52 97 97 43 9  
93 16 84 30 20 0 71 94 38 96 5 0 0 33 91 27 0 15 14 72 3 54 13 81 81 67 76 68 0 100 5 47 94 52 0 7 99 31 58 13 20 34 63 43 87 0 0 94 0 8 0 79 97 50 0 69 89 45 0 36 4 89 87 90 85 0 23 2 53 0 0 78 0 97 44 0 0 63 4 66 0 15 12 68 47 42 17 51 52 69 29 0 21 0 100 15 18 13 0 0 77 29 0 18 0 19 87 43 94 95 0 0 0 36 47 98 0 44 47 42 35 0 41 11 64 42 0 82 92 16 0  
44 0 100 0 0 0 0 32 0 0 0 0 95 64 78 9 0 36 82 21 4 44 52 73 24 50 0 14 10 11 43 22 45 42 48 0 24 17 95 0 17 31 97 38 99 99 0 100 0 0 0 0 91 53 93 0 29 47 59 93 0 11 0 98 0 0 38 23 59 57 87 63 7 0 0 5 20 10 37 0 18 0 88 51 72 24 89 44 81 68 0 0 64 14 0 98 0 72 3 78 36 26 25 0 86 32 92 21 0 44 0 8 89 65 9 23 40 55 88 17 95 67 94 22 62 71 0 0 39 9 90  
0 64 50 30 70 98 0 0 84 0 72 8 99 28 100 0 85 83 34 26 0 0 0 0 76 3 30 0 0 0 0 0 51 74 64 32 46 7 83 0 58 11 42 90 19 0 5 1 72 0 65 21 0 44 0 0 82 31 0 28 17 30 95 48 35 0 7 70 2 77 5 0 26 88 0 61 16 0 42 59 14 79 53 56 0 31 3 3 0 0 77 15 19 0 0 12 5 58 0 50 0 30 9 1 26 19 14 48 13 0 73 33 61 0 93 31 45 40 53 0 0 28 84 92 0 97 96 35 0 96 0  
19 0 0 53 88 81 0 49 69 46 76 85 0 76 100 91 0 0 64 96 99 5 50 0 66 0 14 85 9 80 0 77 4 64 17 0 28 13 84 52 79 86 44 92 100 35 12 46 47 0 0 77 15 0 70 74 69 0 59 54 84 16 0 41 79 67 0 18 69 67 21 0 57 88 0 0 68 45 0 55 66 94 0 19 88 51 61 76 0 71 32 29 63 0 40 0 95 62 100 14 0 97 90 0 47 90 56 52 68 8 74 66 0 47 64 32 60 0 93 0 0 0 12 82 27 66 0 86 69 0 5  
57 98 26 16 2 43 0 38 0 0 76 0 92 0 18 0 70 0 81 32 62 0 5 72 97 9 93 100 89 83 80 0 0 5 44 18 33 3 100 0 44 56 0 46 93 0 0 59 70 30 30 48 48 43 0 95 6 0 32 36 0 0 0 0 0 0 0 2 82 0 46 0 28 0 94 17 0 47 40 0 28 53 0 0 0 3 0 0 0 5 98 37 6 14 0 0 0 70 20 0 0 47 0 62 54 29 47 85 0 0 27 32 87 0 27 90 0 27 44 14 0 76 28 69 8 31 76 35 4 94 87  
0 16 66 35 96 54 11 0 0 42 29 11 63 54 74 0 21 0 0 30 95 41 11 17 29 92 0 47 6 0 60 63 40 42 24 26 82 71 81 74 55 97 0 45 0 0 90 62 49 60 0 61 68 50 8 0 36 12 67 8 22 25 73 0 31 29 0 45 51 44 0 45 0 47 35 55 91 0 71 28 96 51 33 52 44 0 80 0 28 45 61 70 68 37 0 18 0 82 0 0 45 0 36 21 9 59 64 86 61 60 93 0 30 0 11 43 2 44 10 33 76 5 4 51 11 0 68 44 41 0 69  
0 67 10 0 96 72 58 0 9 83 0 35 52 64 13 75 27 93 87 36 3 43 14 52 60 47 35 73 54 79 0 30 36 17 53 88 0 0 0 9 0 0 29 97 75 39 0 30 35 39 94 0 19 100 17 83 0 0 0 29 0 86 63 54 57 70 31 87 38 0 11 87 0 0 0 40 99 16 0 17 0 10 74 15 0 39 70 20 37 0 85 61 22 77 47 17 70 0 59 16 13 0 0 0 85 51 98 0 86 0 0 0 22 0 99 68 24 47 8 0 40 40 27 0 2 87 62 65 55 0 54  
87 94 52 14 46 0 0 44 6 48 73 0 85 0 37 92 66 0 67 71 58 27 43 42 45 27 33 55 71 0 0 26 95 0 53 40 68 67 63 54 31 65 80 0 35 98 33 18 0 92 57 0 68 45 0 27 83 97 0 33 72 53 0 60 97 0 100 0 17 32 72 74 8 0 0 40 23 37 0 0 0 52 76 0 63 0 90 0 5 0 75 61 0 74 68 60 42 73 62 0 38 44 85 25 0 59 44 0 80 10 62 14 57 0 0 96 0 0 0 0 0 0 24 52 81 68 0 0 39 85 18  
0 56 0 55 20 6 43 69 94 69 57 0 55 9 42 86 79 69 36 0 50 0 0 13 100 16 76 45 11 81 19 6 69 0 31 0 26 19 90 62 94 56 0 17 66 0 43 34 17 69 7 0 14 31 62 15 0 0 0 0 38 13 25 0 44 89 46 0 79 0 49 20 0 10 96 0 0 47 0 5 0 52 73 84 0 60 0 90 81 54 18 0 89 68 62 61 76 62 42 0 5 3 0 0 0 0 0 67 0 75 18 13 41 66 4 65 41 9 35 37 16 16 75 13 93 6 99 0 0 0 25  
8 78 74 0 85 76 90 98 54 99 67 0 80 33 0 15 0 86 2 86 2 55 67 0 15 88 79 50 33 71 59 17 74 66 29 0 57 74 50 62 58 79 73 0 64 97 0 0 64 38 95 42 0 45 69 0 72 61 95 0 0 40 0 56 56 50 33 33 0 85 18 31 76 0 68 22 69 11 34 76 56 0 23 0 5 35 0 9 91 68 91 49 21 0 36 99 97 0 88 70 10 28 10 71 65 88 45 0 43 92 49 12 23 26 40 0 20 0 83 79 55 0 0 34 26 0 66 65 88 68 53  
7 74 11 0 10 0 23 49 57 70 0 0 0 96 46 20 0 59 83 78 25 0 66 0 88 0 61 85 71 63 27 25 58 18 99 0 9 0 87 89 0 0 56 93 21 0 97 55 0 80 0 52 0 59 94 17 74 32 90 0 52 0 80 0 63 58 40 19 0 80 14 89 23 0 0 19 0 12 0 0 16 0 0 48 11 0 46 0 81 72 0 72 98 83 86 0 9 13 59 45 22 10 0 1 0 0 94 30 22 39 45 33 59 97 93 82 30 94 96 22 54 3 7 51 98 0 0 0 0 98 16  
0 0 52 40 0 36 69 34 0 67 98 71 33 0 9 0 0 73 0 86 10 0 70 87 63 2 47 4 2 0 20 44 50 0 97 0 0 0 86 67 67 0 10 87 94 71 63 59 0 72 0 0 8 0 0 76 24 4 64 0 64 41 0 0 62 59 79 16 0 48 30 47 13 58 61 30 95 67 0 44 7 0 31 0 68 92 0 49 0 80 62 0 86 0 9 91 4 28 86 0 37 33 8 0 53 66 36 61 77 0 34 0 73 0 38 0 41 21 44 0 85 53 0 31 0 36 13 0 0 77 0  
1 63 10 0 60 81 7 0 0 71 36 0 62 75 14 26 77 0 21 63 80 0 47 0 0 13 9 18 26 0 28 63 34 48 44 0 74 0 75 42 0 0 57 28 92 17 8 13 0 86 94 0 0 18 49 13 0 11 0 83 0 5 52 91 80 51 0 25 0 0 22 0 66 46 19 50 7 30 42 93 48 4 29 0 0 0 0 8 0 0 0 8 80 56 0 67 32 87 50 51 34 0 76 0 90 7 31 58 4 94 95 63 0 38 27 80 34 99 19 83 0 75 14 65 82 0 0 98 8 20 0  
0 68 57 90 0 8 45 75 34 0 0 0 72 82 23 0 4 22 68 0 0 22 99 45 71 100 100 69 0 67 60 20 13 99 8 51 0 0 38 38 2 9 13 0 51 53 37 98 72 13 0 0 39 70 66 15 98 84 0 37 52 57 24 0 18 81 43 5 80 33 49 65 94 16 46 92 0 0 0 84 0 24 0 47 11 0 0 0 18 91 74 99 49 0 27 0 0 8 41 18 77 100 11 75 60 66 38 0 0 19 25 0 26 81 30 19 70 5 46 24 8 11 99 67 82 0 0 54 50 45 0  
73 62 0 82 20 23 0 0 53 0 86 20 0 0 28 57 34 87 32 66 88 57 38 27 0 0 0 0 3 80 30 47 60 39 0 17 1 53 0 93 97 27 0 32 78 18 33 93 10 47 0 36 41 96 0 27 0 89 0 44 57 0 59 0 67 77 6 0 14 25 95 15 68 39 89 12 32 10 92 34 0 0 91 10 0 2 0 82 0 0 61 0 26 81 70 47 91 54 54 0 0 6 64 43 37 0 0 39 12 76 49 9 55 42 38 26 39 50 65 54 59 89 73 73 0 68 66 97 95 70 0  
58 29 13 0 92 29 88 36 14 75 1 76 21 17 68 4 51 0 75 85 75 78 8 36 90 64 0 17 40 89 95 8 0 90 22 0 0 23 19 4 0 80 89 38 13 52 92 55 83 82 49 48 0 0 91 79 2 77 0 52 0 6 79 89 0 72 90 88 22 0 37 47 0 43 50 89 35 0 0 37 97 42 7 0 0 0 76 0 5 19 0 3 0 16 85 56 0 20 33 38 86 16 0 93 48 0 43 43 0 14 32 85 0 0 42 96 0 76 97 56 17 81 75 0 97 0 0 31 40 0 83  
0 46 35 16 0 59 13 22 0 0 0 0 78 0 0 99 93 80 30 0 12 82 46 57 91 0 39 9 0 47 0 72 95 95 87 6 0 0 50 0 75 94 23 44 9 0 14 43 39 94 79 33 12 5 20 99 0 15 99 1 13 72 59 3 2 68 37 0 0 84 0 50 71 9 78 0 0 0 3 0 0 9 17 0 0 48 21 90 0 0 85 63 35 51 12 61 37 99 0 54 72 81 58 82 0 0 15 52 67 0 52 22 15 83 63 97 62 56 0 12 77 33 81 0 52 37 11 82 7 64 47  
33 21 85 62 21 28 92 17 75 86 0 12 96 0 0 9 0 0 0 0 90 0 6 0 59 45 0 0 0 8 12 11 9 0 0 18 0 11 41 0 67 0 46 48 0 25 0 99 45 0 12 0 64 84 65 0 88 40 2 0 66 39 83 0 27 61 88 67 98 19 63 42 50 89 44 86 99 45 9 79 7 33 62 0 30 0 0 54 56 0 70 0 1 94 0 22 27 26 0 0 49 61 0 15 0 20 96 49 0 90 0 0 0 49 52 60 26 61 68 100 76 0 0 90 0 16 83 0 0 51 0  
19 0 37 89 0 58 0 0 36 41 100 99 16 81 63 13 96 61 91 38 64 48 29 0 92 82 12 80 34 31 91 35 0 27 0 0 0 35 6 42 0 39 0 39 6 0 0 95 66 37 46 35 0 0 49 3 35 44 35 89 78 58 48 0 23 0 46 0 0 27 0 28 0 1 23 82 25 9 0 91 0 51 55 0 51 0 24 0 95 0 0 23 0 33 76 92 18 0 0 34 36 0 67 35 38 66 0 0 0 19 8 0 78 79 13 0 7 29 0 0 9 21 0 60 29 42 0 5 0 0 66  
8 45 0 21 9 84 0 23 67 0 67 0 43 49 0 0 0 14 52 0 42 0 89 0 0 29 0 63 0 2 0 39 76 11 76 43 44 0 53 12 27 8 0 57 76 0 0 11 97 4 58 36 33 0 0 70 0 0 8 0 0 27 49 47 51 2 0 22 40 25 0 53 76 48 0 96 81 0 77 0 19 79 65 0 0 0 0 42 0 19 0 0 94 16 0 43 26 6 54 0 52 72 70 27 45 43 53 48 75 0 0 93 25 0 0 69 83 67 0 0 56 0 33 34 71 95 85 0 90 20 79  
52 92 0 94 84 1 41 73 3 19 0 84 0 96 55 18 0 0 0 40 74 0 60 89 0 44 52 93 49 12 0 0 86 66 35 65 22 51 98 91 0 0 22 64 4 3 35 2 0 51 47 0 37 0 47 74 96 0 30 61 54 39 11 94 53 90 0 27 43 32 32 0 0 44 70 20 14 58 0 13 98 4 33 0 82 0 0 89 37 97 19 61 0 88 37 48 0 28 59 12 0 31 0 0 0 0 58 0 64 38 58 1 82 90 0 92 44 36 40 0 19 26 55 0 0 64 16 48 53 49 76  
22 12 0 6 1 96 68 76 92 99 16 23 72 50 35 0 33 0 58 81 45 0 51 89 0 0 100 12 37 32 74 0 18 34 9 57 0 44 27 16 20 94 72 49 10 0 33 0 84 8 0 11 44 0 0 0 0 0 54 48 50 29 42 49 72 32 13 83 81 0 37 44 98 74 68 0 55 0 16 33 0 0 18 55 32 0 7 0 22 0 69 100 15 0 72 95 43 46 51 82 43 44 36 0 56 79 83 79 63 18 64 60 66 46 86 88 0 82 0 19 84 3 20 72 12 0 49 25 5 28 0  
45 0 66 53 60 42 66 77 0 83 0 85 89 15 18 20 24 0 72 0 6 28 26 47 0 27 9 0 86 96 0 10 0 85 0 52 68 52 52 86 0 0 0 81 28 73 13 27 0 0 0 80 41 18 12 76 43 15 87 92 0 87 28 89 61 91 0 0 0 20 24 100 59 0 29 0 64 30 7 3 66 0 0 12 89 30 44 0 85 92 6 71 57 89 0 44 21 74 26 16 45 0 38 51 0 68 91 60 80 90 7 0 73 0 0 0 0 73 0 46 86 51 45 59 58 38 55 0 77 68 67  
12 0 0 50 37 35 0 54 0 21 42 0 66 21 19 0 78 0 0 32 63 0 85 68 78 65 2 6 33 43 92 0 72 48 33 29 95 85 22 0 41 0 0 0 0 0 0 68 0 66 0 0 0 2 13 38 23 60 36 56 88 32 0 0 0 27 6 93 55 0 8 0 60 25 56 31 0 0 80 35 12 0 36 82 32 28 73 38 35 0 0 4 12 37 4 0 5 86 0 0 4 71 61 68 15 1 83 0 0 33 15 67 0 95 19 50 6 81 52 93 83 26 8 48 0 26 0 98 49 21 57  
49 0 57 89 51 32 0 0 17 13 35 1 20 0 23 70 11 99 0 0 25 54 88 0 43 63 0 0 98 94 43 81 14 67 58 54 76 83 0 0 73 54 0 67 0 11 46 36 53 85 3 0 77 88 80 0 48 0 94 0 74 76 7 0 0 61 98 34 4 0 93 0 47 0 0 0 18 82 78 74 96 60 81 92 20 0 81 20 19 0 23 23 0 89 74 0 0 32 81 86 44 31 72 4 73 0 42 0 27 50 53 84 36 70 41 12 32 100 0 66 49 90 22 89 83 78 59 15 52 34 0  
71 9 0 53 84 9 65 87 90 94 0 87 0 2 41 0 20 25 85 0 0 76 5 17 71 76 93 74 0 49 53 82 67 42 0 14 2 0 0 33 57 96 0 78 45 81 67 86 22 0 87 58 59 45 25 0 58 28 70 0 73 64 53 27 0 79 0 33 0 0 19 17 11 82 60 17 73 0 82 23 90 0 49 79 91 76 6 80 0 0 76 78 0 23 62 30 10 0 94 44 27 52 36 8 71 32 0 88 51 72 54 45 0 66 0 74 0 96 0 8 59 0 67 8 41 0 48 58 37 6 72  
0 97 66 4 62 43 93 79 0 0 63 51 18 12 0 87 24 82 93 7 3 80 0 47 53 47 54 0 17 0 0 12 23 82 44 0 65 89 46 0 0 37 95 14 0 74 0 50 55 0 45 0 20 55 82 47 0 16 0 0 48 35 94 0 72 0 54 0 0 53 8 63 16 0 94 18 63 0 24 48 95 41 65 36 70 87 10 50 28 72 74 46 5 11 86 70 63 28 0 97 81 29 0 46 17 26 57 0 8 75 46 0 36 99 41 72 0 83 29 76 0 89 0 0 12 58 16 0 77 71 95  
0 31 47 5 90 30 37 15 86 99 52 67 0 0 65 46 16 0 0 89 5 0 97 64 0 0 0 0 0 0 86 0 0 15 84 84 90 60 98 0 0 70 70 12 0 0 38 61 0 86 91 63 30 4 5 58 33 86 43 45 15 0 17 63 0 0 51 22 81 69 91 45 6 76 0 22 18 38 10 75 27 70 48 0 67 81 0 0 14 92 0 0 94 31 83 0 39 76 0 0 88 0 0 32 84 51 0 26 93 3 20 6 63 25 90 74 23 16 0 22 23 65 20 5 0 87 53 86 0 35 74  
48 98 67 81 93 92 97 42 63 0 80 77 17 43 41 1 0 35 0 44 90 54 91 41 0 8 20 0 34 51 53 72 78 52 68 38 52 43 91 53 100 0 75 3 88 2 0 0 10 23 0 0 93 28 68 91 0 27 46 14 5 91 0 55 0 0 0 33 0 58 9 54 86 61 0 75 94 29 4 30 63 0 27 97 0 97 0 60 59 37 100 91 12 13 61 82 47 61 72 0 0 22 26 0 0 47 0 52 41 34 60 100 30 39 41 21 81 82 79 41 59 87 54 18 0 0 14 49 57 67 0  
0 53 55 58 0 0 71 76 0 0 0 54 15 0 1 27 24 95 84 94 92 42 0 0 84 0 0 0 53 62 54 89 52 81 0 95 52 89 94 0 0 88 0 0 47 32 44 96 0 0 89 1 40 40 0 0 0 0 49 44 22 21 0 18 99 0 0 69 50 53 97 6 57 45 82 0 48 0 0 94 91 0 85 0 0 0 19 0 71 49 0 0 89 0 83 13 0 0 31 0 34 0 5 0 0 0 59 0 11 93 0 32 0 81 98 3 92 19 68 82 76 27 0 58 6 70 27 0 83 82 83  
1 0 3 76 0 92 57 58 74 53 13 97 69 0 87 0 56 0 32 53 0 42 57 0 94 44 84 83 70 3 15 0 35 29 47 41 71 0 22 33 40 0 15 85 26 24 58 14 99 0 10 41 46 2 90 28 3 0 0 0 24 0 19 0 49 4 86 0 34 14 91 22 0 88 0 68 10 27 0 0 90 0 11 62 0 0 25 0 34 7 95 0 0 26 57 33 27 8 22 36 92 0 0 86 99 0 0 30 0 0 85 2 47 0 40 30 4 11 0 32 38 13 44 67 0 0 28 79 48 96 56  
62 42 0 8 50 60 6 10 65 42 58 59 60 46 5 34 5 79 70 0 10 0 40 50 0 63 19 0 22 0 65 60 28 93 0 0 94 0 41 66 63 8 1 0 20 0 91 0 0 100 14 0 79 0 0 0 63 69 53 65 0 66 40 79 71 75 39 35 0 0 65 95 0 0 28 6 87 12 38 53 79 12 15 0 75 1 85 74 75 22 72 0 0 0 24 16 65 87 50 60 35 54 0 0 57 69 5 81 0 85 0 69 83 41 23 24 75 36 33 94 45 0 0 41 0 90 0 56 80 39 38  
14 53 1 9 0 27 0 45 58 64 69 13 55 0 80 40 40 94 18 9 22 44 7 0 31 0 100 0 50 41 0 3 2 0 45 74 0 89 0 21 74 48 66 16 0 0 54 0 6 25 81 0 67 3 87 48 17 0 2 0 74 1 49 80 70 0 23 51 82 3 70 41 35 27 64 22 0 0 65 5 69 6 0 55 10 47 99 42 21 0 83 13 0 0 61 83 61 96 73 0 0 0 58 75 0 82 42 1 68 67 0 0 0 10 94 9 9 13 42 79 77 52 0 0 36 36 54 84 26 37 78  
35 0 86 66 77 18 0 0 40 18 0 12 0 0 68 93 61 0 86 85 84 59 30 35 0 73 28 25 12 55 39 29 21 0 19 49 75 49 55 53 21 75 0 43 0 14 14 48 0 72 23 0 13 64 2 55 74 86 99 0 97 54 0 9 85 86 0 0 38 0 0 0 4 22 12 23 66 86 16 71 18 0 30 86 72 25 34 0 0 27 0 8 42 36 0 0 3 11 19 0 0 30 25 85 7 0 36 0 89 0 0 85 0 12 22 0 14 67 99 26 46 61 0 0 46 54 0 17 72 0 55  
10 0 79 3 47 37 0 15 0 80 45 0 12 0 6 87 15 0 83 7 40 21 30 0 72 0 46 36 41 79 66 0 60 86 24 29 21 0 29 30 0 0 6 0 0 44 0 0 50 72 83 75 11 0 14 0 0 0 0 37 18 0 16 50 31 91 96 0 32 19 63 59 71 0 48 10 22 0 0 90 31 1 56 0 0 5 5 38 93 53 12 13 44 42 31 44 0 79 0 40 0 57 0 65 76 0 0 51 91 27 0 18 14 64 19 95 48 2 22 10 0 0 24 0 25 35 0 35 78 0 95  
95 77 0 46 0 0 0 46 0 85 0 45 5 14 0 41 0 63 89 86 0 0 84 82 0 66 0 77 0 27 52 99 0 0 0 63 1 0 0 34 0 57 13 75 0 0 13 0 53 20 48 54 75 21 44 99 0 0 39 48 0 0 4 0 25 52 27 32 77 69 22 71 4 82 0 48 0 72 10 0 26 91 36 37 19 0 26 37 0 0 99 88 4 0 39 34 45 76 0 0 0 35 23 16 19 98 26 0 0 0 68 4 0 0 92 25 92 20 27 41 71 66 4 60 13 85 74 17 43 86 0  
99 84 0 50 83 72 67 47 48 53 0 95 74 0 0 95 0 53 21 72 80 0 0 17 0 74 0 0 89 85 0 60 93 25 0 91 41 18 0 48 0 42 14 46 0 24 0 40 11 8 23 10 64 0 52 93 83 75 74 54 0 57 31 5 0 30 44 98 0 57 94 86 28 91 0 0 58 14 0 0 73 58 47 31 2 74 8 0 0 0 64 0 69 54 20 62 0 97 0 0 87 0 80 21 49 0 0 74 0 9 13 98 0 94 0 31 94 33 86 38 81 25 0 0 0 25 0 35 0 66 0  
9 0 0 0 41 0 67 1 11 12 53 1 9 23 61 27 58 35 53 58 0 21 0 22 44 74 98 12 61 23 0 54 35 6 54 70 0 58 66 0 82 0 28 48 94 19 78 85 38 88 71 78 0 81 0 90 33 19 32 55 63 0 25 71 13 0 11 52 0 30 96 8 0 12 31 19 42 12 33 97 78 50 0 0 54 44 67 0 0 1 100 94 4 80 64 32 0 50 4 50 20 18 0 73 0 20 86 20 59 0 0 14 43 31 42 0 72 68 0 97 0 61 49 15 0 21 22 0 18 79 93  
100 92 0 33 57 0 64 0 26 58 0 45 82 71 76 96 0 13 63 0 73 36 87 39 63 89 0 82 79 22 8 21 71 10 0 53 56 0 56 46 0 52 0 44 41 0 98 70 4 95 50 49 25 41 0 91 27 78 33 53 77 0 52 7 0 54 0 30 69 75 0 0 58 87 100 0 77 42 0 69 0 0 53 32 62 92 34 99 55 55 58 0 0 0 8 36 0 65 68 61 68 0 80 0 39 0 0 0 100 29 0 83 10 0 0 68 100 66 79 43 72 0 92 77 0 98 67 0 12 18 0  
0 18 18 16 0 37 61 82 25 54 80 23 64 37 79 0 0 79 0 25 23 18 31 80 40 0 0 23 98 88 12 97 54 55 91 51 0 0 0 0 0 7 92 60 100 19 20 15 27 42 54 79 30 10 0 75 20 22 0 6 0 47 37 0 26 36 18 62 48 57 0 0 67 30 68 3 87 0 87 0 30 65 69 23 67 0 75 13 15 0 86 55 65 79 36 37 10 40 86 90 0 21 27 0 0 3 31 89 71 12 84 0 18 0 20 0 55 0 42 85 40 29 0 30 0 43 83 53 0 21 0  
31 0 10 74 51 0 73 47 55 5 0 64 4 76 37 0 88 0 9 0 0 0 81 27 97 35 0 12 42 7 1 0 54 0 12 15 0 0 0 48 16 38 4 50 12 44 93 91 91 0 0 8 12 0 0 42 19 99 7 39 0 35 56 45 82 53 13 0 31 0 28 61 62 97 0 41 55 39 88 28 91 0 100 5 92 6 34 79 54 0 73 0 90 53 30 17 37 32 80 33 60 10 7 74 82 95 15 29 0 57 33 0 0 5 0 18 61 17 30 0 83 40 60 28 0 48 6 89 9 0 20  
20 93 0 0 0 5 0 74 0 25 0 0 69 79 21 64 0 58 34 39 0 0 0 0 54 15 41 9 60 83 0 0 69 0 79 0 20 100 0 0 52 25 63 14 25 0 0 96 74 8 60 45 92 6 88 0 17 50 0 94 0 0 56 51 42 81 33 0 30 44 27 67 64 39 39 18 0 42 15 83 99 5 25 44 37 0 33 0 49 42 0 37 90 3 0 0 24 88 60 70 40 84 0 0 71 71 46 61 26 65 97 35 90 0 0 65 0 40 0 98 40 3 34 0 38 66 67 0 79 69 74  
0 0 98 11 0 90 0 13 0 13 65 72 0 75 74 0 17 0 7 98 6 0 49 65 0 63 27 27 0 31 38 99 89 3 71 82 55 1 37 0 0 100 33 0 63 0 0 27 0 5 20 31 92 67 0 0 31 0 0 64 83 77 19 85 0 0 0 0 0 54 0 42 63 78 22 65 7 0 0 74 56 0 47 66 28 43 94 0 64 0 77 0 0 32 9 36 60 0 38 82 77 43 55 25 48 0 0 59 59 0 97 0 92 0 0 25 89 55 0 35 38 93 8 26 8 34 48 80 18 0 100  
85 7 25 99 15 0 61 3 40 0 85 36 70 0 92 62 30 82 35 77 99 93 94 86 42 16 0 14 60 21 29 81 65 21 57 85 0 49 0 16 76 23 12 5 40 0 18 0 6 57 4 81 42 0 47 97 71 0 16 0 6 18 58 80 72 52 0 0 12 0 98 34 48 42 62 83 0 0 0 11 52 46 76 96 0 49 74 0 25 0 16 74 0 77 76 49 0 77 7 0 0 0 99 0 19 56 25 60 94 71 41 0 73 77 4 0 93 0 16 0 56 43 1 42 49 57 37 0 20 60 98  
47 0 12 0 0 61 0 78 0 41 81 46 42 0 97 0 0 87 75 70 97 0 0 22 0 0 79 0 0 61 61 18 10 0 0 11 0 30 36 45 49 44 61 76 0 0 0 82 31 72 94 85 0 39 86 0 0 0 68 0 0 0 72 87 77 15 0 75 0 26 0 0 32 38 9 0 1 85 0 31 0 21 36 68 95 0 0 13 72 88 63 23 94 44 21 57 21 47 0 12 72 42 11 91 71 0 13 0 0 24 0 74 74 0 37 52 0 28 76 95 60 81 73 95 82 0 0 69 0 86 64  
63 52 15 66 88 58 60 54 0 24 95 0 59 0 11 0 0 0 45 9 18 0 89 73 61 38 60 0 32 72 100 9 81 36 25 24 0 39 17 81 31 0 15 21 44 11 85 2 25 83 48 71 65 0 51 0 37 1 85 95 0 60 8 15 85 0 66 47 94 17 93 33 68 0 25 0 62 36 0 0 21 5 18 0 25 39 80 78 93 67 29 4 0 0 55 0 16 0 39 3 72 93 85 57 0 84 25 0 77 80 0 59 1 11 0 0 76 0 5 9 60 25 0 45 0 83 36 0 59 61 0  
11 5 18 0 100 0 31 1 0 0 67 19 34 0 80 65 0 0 0 0 100 0 0 17 13 44 42 62 29 6 47 94 4 74 93 79 23 82 0 12 0 89 76 10 0 0 82 33 91 0 95 74 83 3 45 91 0 57 0 0 9 14 80 25 0 0 25 20 0 17 61 2 28 23 54 96 51 10 65 0 53 33 57 53 70 84 86 0 81 96 0 0 0 88 39 49 49 82 46 95 76 97 0 0 0 0 0 0 89 97 26 56 89 0 0 70 80 64 0 37 34 70 74 67 0 85 62 0 91 12 84  
50 16 56 71 53 0 10 87 24 36 45 42 96 96 0 18 45 0 0 100 17 63 53 71 0 10 60 24 17 88 8 51 61 84 36 81 15 16 80 89 33 7 18 28 21 76 9 0 28 58 91 37 38 52 6 71 33 0 0 45 0 77 22 66 93 65 83 1 73 80 85 1 43 92 68 29 0 0 42 8 53 18 14 2 69 74 0 5 89 0 0 0 99 87 0 41 80 86 46 94 6 0 10 0 0 0 0 0 21 0 81 84 0 5 99 27 0 48 24 0 40 0 46 30 42 21 41 50 23 18 29  
99 34 19 9 54 25 0 0 20 0 63 43 0 69 70 71 0 19 49 61 0 0 61 23 18 74 87 81 27 3 51 61 74 40 24 0 13 44 58 0 67 0 75 65 27 0 58 31 64 64 68 5 27 8 2 0 0 0 63 57 55 0 46 6 0 0 0 99 86 26 77 53 51 9 41 5 37 0 0 77 27 43 99 18 18 0 95 29 35 21 14 22 26 0 24 60 44 37 4 0 20 3 38 0 76 82 2 0 77 51 72 10 70 69 71 0 0 28 48 0 0 76 0 61 0 57 0 47 0 16 33  
46 16 0 78 0 98 0 98 16 39 48 1 1 15 0 60 80 79 36 29 55 73 0 7 0 13 7 11 82 82 39 51 77 40 18 2 87 29 7 0 21 0 63 0 42 0 7 92 3 60 0 30 23 9 0 31 0 6 73 0 0 0 64 37 51 17 66 7 0 90 54 0 26 15 59 48 0 0 74 0 47 72 15 50 76 67 0 85 45 94 12 8 89 29 33 55 1 43 13 73 0 82 14 11 64 48 47 14 19 0 0 96 44 1 68 0 8 70 95 0 63 0 54 87 62 5 57 46 18 78 11  
0 51 66 4 77 10 53 0 35 100 33 53 49 87 29 50 34 4 100 34 44 38 41 96 0 97 33 49 45 23 0 15 11 0 0 23 36 70 89 12 46 100 72 0 45 0 38 77 44 0 74 93 84 11 93 99 87 0 0 0 59 80 37 67 7 95 0 61 83 64 55 0 52 39 15 9 59 69 0 58 10 8 13 53 0 0 0 11 96 13 8 32 13 73 0 64 92 5 1 0 98 30 30 37 97 34 13 95 28 84 70 0 81 75 100 62 70 84 3 83 61 58 0 52 87 1 95 81 92 0 0  
92 18 0 51 100 10 0 72 79 80 0 72 69 88 45 71 0 0 13 31 14 0 19 71 64 0 49 0 34 95 98 27 93 84 37 75 0 58 26 89 76 45 40 89 23 0 37 0 98 24 47 24 25 0 20 0 51 61 85 75 0 66 60 18 40 0 70 68 32 72 47 0 100 33 77 89 40 26 0 24 48 71 15 14 39 90 89 0 27 37 6 57 93 87 0 0 85 36 9 0 43 81 0 61 0 0 40 84 0 6 16 47 18 64 57 92 87 36 17 54 18 94 47 0 70 0 48 95 76 47 86  
0 31 0 2 0 15 67 0 76 0 81 16 50 39 34 85 9 18 32 58 0 29 60 0 8 15 37 84 0 21 79 61 0 87 53 83 3 52 52 20 46 37 80 100 0 71 0 1 74 41 3 0 0 92 53 0 0 74 84 0 16 0 0 2 77 72 0 0 32 22 0 0 57 2 39 0 21 52 39 63 1 54 67 0 83 0 84 23 88 19 0 39 31 50 61 61 6 85 74 0 80 62 33 66 13 60 90 0 72 4 35 13 38 3 0 46 90 66 86 0 0 24 19 78 0 58 39 69 32 68 50  
93 35 0 98 60 90 0 0 56 21 26 65 36 0 18 44 12 33 0 0 0 0 10 0 51 15 10 6 84 0 94 25 0 3 0 10 84 21 64 94 0 50 23 0 0 88 66 0 93 0 50 0 16 78 88 36 31 0 65 19 47 0 81 2 53 92 76 29 49 0 7 37 13 92 92 0 97 50 0 12 0 0 0 66 0 15 85 0 12 75 45 96 36 30 0 74 68 15 0 71 0 64 0 89 64 27 22 1 45 37 25 78 0 28 16 0 74 35 0 31 0 6 19 43 93 0 40 39 65 0 3  
89 80 92 38 50 60 72 0 14 46 0 6 90 0 46 14 0 74 94 14 57 46 32 92 0 54 72 57 17 31 63 0 7 16 52 23 0 26 77 0 0 0 53 67 8 78 79 58 91 52 0 0 18 27 78 96 82 29 93 98 14 2 80 38 15 9 79 97 96 62 0 0 18 60 91 71 53 83 0 33 0 62 9 3 94 31 0 44 72 26 14 0 3 58 79 37 78 56 61 62 87 31 96 41 83 70 48 3 39 41 32 18 0 36 37 72 16 35 96 42 40 90 73 78 0 67 0 13 0 63 89  
62 74 94 58 24 35 83 57 61 13 6 30 85 0 28 60 63 45 22 72 22 29 83 25 7 0 76 42 0 36 64 93 22 35 63 61 6 77 31 80 3 0 18 78 15 0 0 6 0 91 85 81 0 34 54 38 94 26 40 66 82 96 72 1 61 26 16 79 6 6 13 0 65 15 4 95 38 96 69 97 90 47 2 67 0 0 1 0 0 84 61 87 0 36 17 13 48 48 0 98 63 17 85 35 42 97 65 73 39 33 0 0 16 60 52 29 97 99 0 24 88 2 65 95 3 29 51 0 47 0 90  
99 9 52 0 0 0 14 52 79 1 80 0 0 55 68 0 79 61 9 20 23 3 0 17 13 79 13 47 86 94 96 55 87 13 4 71 5 89 90 1 70 36 5 82 55 0 22 48 4 91 69 32 42 6 85 79 43 82 0 100 0 1 57 54 94 85 39 53 45 5 74 91 25 49 13 0 6 88 48 19 0 42 0 68 8 46 98 20 97 0 7 79 50 19 18 0 45 90 65 72 0 69 0 65 56 89 78 66 90 38 0 44 29 0 6 9 75 6 7 73 34 0 10 0 41 100 0 43 0 92 0  
33 0 81 55 78 94 11 51 40 84 49 86 18 0 37 58 61 0 0 0 21 73 13 0 90 98 80 14 71 84 0 47 23 40 78 0 77 81 55 14 63 47 75 38 98 10 2 0 91 65 75 0 0 24 60 43 80 58 52 95 37 6 24 0 0 7 83 20 96 88 80 53 20 36 38 47 56 43 79 0 28 0 81 16 19 0 83 0 27 0 8 50 86 0 26 0 0 38 55 82 35 61 43 0 13 38 74 58 0 95 44 0 0 58 83 8 15 47 0 18 79 74 100 91 29 90 4 38 99 0 0  
38 10 83 2 0 57 6 60 70 47 11 46 47 0 0 30 35 0 62 98 39 4 0 29 21 92 0 73 0 0 5 46 0 5 10 23 73 57 0 36 0 0 25 32 63 0 89 0 49 92 8 1 0 60 70 75 9 26 92 0 0 6 33 99 0 1 0 0 78 24 22 46 0 0 0 0 0 62 2 0 60 54 0 83 14 80 73 39 58 69 0 83 28 0 0 0 74 39 9 32 84 27 0 42 76 0 68 34 0 97 93 70 30 83 67 49 68 21 0 65 0 94 8 0 92 0 29 52 0 0 0  
