0 21 14 0 94 41 0 29 21 20 0 92 0 0 0 0 0 23 0 79 11 28 63 8 0 10 0 0 0 60 53 40 62 0 11 0 82 0 84 56 15 39 73 0 18 12 61 76 0 12 70 0 47 25 0 53 84 61 85 49 96 68 31 0 79 0 37 0 0 81 70 52 65 25 39 51 95 23 43 35 54 0 90 96 68 83 0  
0 0 0 83 78 0 73 2 95 0 98 82 5 95 68 0 38 57 31 35 0 53 0 46 0 32 0 65 17 65 94 80 42 77 0 93 48 48 46 79 0 3 73 13 76 23 0 66 63 39 38 92 0 0 54 43 63 100 74 0 74 67 0 50 0 22 94 81 76 61 41 68 6 25 0 6 75 77 55 99 86 39 69 0 0 59 36  
5 10 0 62 0 13 45 0 0 53 26 66 66 82 96 88 80 0 62 99 13 66 18 89 79 73 9 12 0 0 19 19 65 98 52 58 95 86 0 0 97 24 16 47 70 12 0 43 0 6 84 0 100 7 4 0 66 65 35 91 9 33 39 30 72 98 91 48 58 0 85 45 0 38 17 53 0 9 0 2 82 69 0 0 12 0 91  
6 55 27 0 89 32 84 67 35 61 60 7 82 57 80 90 76 0 12 0 0 26 43 0 74 57 85 60 22 77 77 9 37 78 78 99 67 40 71 7 34 0 0 7 17 72 0 6 32 81 0 94 0 0 0 0 1 76 20 1 33 64 91 12 88 14 86 0 0 52 43 0 63 0 0 96 0 8 59 31 0 33 0 57 42 65 28  
71 21 89 74 0 49 56 83 55 39 78 95 66 55 0 2 64 69 53 100 72 95 0 3 57 93 27 0 6 0 0 39 0 34 0 0 0 56 98 0 92 100 81 4 96 32 0 0 51 0 39 83 83 37 43 66 0 96 23 59 99 46 22 48 23 50 91 18 75 14 69 12 65 46 52 0 47 0 0 49 41 99 0 0 32 58 39  
12 55 46 11 17 0 12 27 70 82 51 61 28 54 43 76 83 92 61 66 87 36 36 53 24 21 0 4 53 72 44 55 55 99 32 0 48 35 46 59 33 0 22 27 89 33 15 46 82 33 0 20 99 0 55 0 58 59 49 81 95 54 18 75 0 91 52 15 72 33 79 15 21 91 0 96 20 25 53 26 23 27 97 1 25 0 51  
27 32 45 13 50 0 0 0 20 79 50 0 8 23 0 81 38 13 76 37 0 43 68 47 70 45 0 52 14 95 82 11 0 72 6 93 63 0 88 28 77 0 30 45 0 63 54 55 26 61 10 10 61 29 0 1 80 91 27 36 17 56 1 30 55 94 62 100 0 85 35 19 20 0 31 0 4 61 26 0 34 35 0 0 15 0 0  
19 75 12 0 69 37 13 0 0 0 93 23 0 59 33 98 68 19 12 0 55 80 12 86 95 0 7 27 0 0 5 63 0 0 0 0 0 92 0 73 98 8 0 0 39 3 88 0 0 21 19 33 60 0 76 0 44 43 0 69 0 32 59 12 0 0 93 18 33 16 59 49 20 12 2 18 0 14 23 80 6 46 85 96 64 0 0  
69 74 36 64 0 0 0 17 0 62 0 22 76 0 22 54 0 0 91 54 19 0 34 88 41 44 0 53 0 45 89 2 17 50 60 2 0 64 5 65 51 97 36 80 23 77 0 0 66 0 0 86 72 3 61 0 1 0 0 79 21 88 95 100 19 0 8 23 5 28 0 25 0 10 63 0 0 98 19 61 60 66 3 87 81 3 24  
55 25 29 0 0 0 86 97 76 0 27 87 70 35 29 0 98 29 64 70 9 0 46 46 60 97 0 0 75 1 40 7 9 5 0 35 37 8 95 60 67 91 0 22 0 18 37 31 77 20 9 61 89 45 67 73 10 0 0 0 5 0 65 24 0 51 64 83 1 0 0 23 5 23 30 34 51 0 0 67 37 75 53 52 10 84 99  
35 0 20 73 63 34 0 67 100 70 0 0 83 62 8 22 73 44 17 24 0 55 0 18 49 0 76 0 98 0 99 63 83 8 0 9 21 0 99 49 6 61 0 60 0 13 44 0 68 0 28 0 0 36 39 4 0 0 0 0 97 82 0 87 0 36 44 0 88 70 49 35 11 0 0 0 0 71 24 33 0 0 0 63 0 76 35  
81 0 91 0 0 45 29 0 0 50 64 0 24 3 40 57 44 0 33 59 74 44 40 36 93 3 100 0 20 25 17 52 36 0 40 53 90 56 47 0 0 0 0 31 0 0 11 0 49 64 52 69 90 86 40 50 100 53 93 8 0 56 81 55 1 34 0 1 0 0 0 68 2 42 69 31 90 39 91 0 33 85 0 36 3 37 95  
61 89 0 76 0 10 20 0 87 7 0 17 0 0 51 3 73 71 46 5 0 0 0 97 12 43 69 1 28 43 0 0 0 97 11 0 99 0 82 45 0 85 99 44 95 86 87 56 0 81 0 16 73 1 76 0 0 0 16 80 8 70 58 0 21 0 69 26 23 58 57 0 91 69 40 28 61 62 47 93 79 51 90 96 62 7 87  
15 0 63 78 58 22 0 87 0 0 52 35 45 0 47 39 70 0 20 52 0 5 26 0 0 42 88 0 41 0 50 6 0 97 0 12 31 0 18 71 0 84 19 68 0 70 0 0 0 52 96 59 50 21 83 3 2 74 0 34 0 45 0 0 31 61 85 0 31 0 90 6 35 0 10 36 55 86 46 37 0 81 0 79 90 0 0  
32 35 46 98 87 50 2 14 89 0 25 18 91 0 0 58 0 0 5 0 11 0 51 63 0 41 55 62 0 28 5 82 9 3 27 0 46 55 0 69 44 0 0 32 0 51 24 22 40 84 93 73 45 84 0 59 58 49 16 50 64 98 11 30 45 23 90 11 79 53 0 0 0 4 83 75 0 37 95 30 0 1 0 51 25 0 58  
75 80 63 0 57 100 77 0 74 0 22 6 75 38 37 0 0 72 8 50 9 11 86 100 15 10 39 23 29 60 1 86 37 21 44 14 86 0 0 5 53 2 56 70 0 16 83 84 79 0 0 0 0 0 24 33 77 93 0 74 35 0 46 0 70 49 96 73 0 29 10 17 72 22 79 0 4 13 52 0 22 0 32 0 69 0 11  
0 33 67 65 0 79 79 91 19 0 60 70 41 94 84 0 0 0 0 69 57 51 0 0 36 0 0 0 9 81 0 1 0 23 30 46 0 48 19 78 8 0 0 0 39 41 98 7 19 5 74 47 50 0 25 0 90 29 83 13 0 0 58 42 0 81 0 0 11 0 94 60 55 0 22 0 72 1 47 3 3 37 84 94 12 56 0  
0 71 71 0 5 79 27 27 41 6 86 93 56 14 0 42 30 0 22 0 61 55 51 53 0 18 57 56 0 51 46 29 0 5 28 77 48 79 71 10 36 84 30 96 45 0 30 52 0 8 57 34 71 3 0 0 0 27 23 0 7 41 62 40 5 0 11 97 0 0 11 41 43 26 59 67 18 53 0 57 43 71 31 17 28 0 1  
72 31 0 93 59 89 50 25 47 7 0 46 33 35 42 79 77 89 0 88 77 26 93 6 34 37 0 0 28 95 63 50 58 79 0 0 9 37 93 23 40 50 0 15 39 89 0 96 0 0 5 70 0 27 80 32 39 71 99 16 26 3 0 4 22 25 52 0 80 100 13 15 0 11 0 64 79 36 67 4 0 66 0 0 39 9 96  
43 94 40 13 28 0 34 0 37 0 0 0 12 0 38 6 51 75 81 0 21 89 97 55 56 100 25 58 43 0 59 84 0 21 44 39 89 0 15 32 0 0 0 27 84 0 27 61 62 79 37 23 22 0 82 73 0 39 0 28 0 33 8 0 14 0 10 88 79 3 0 91 0 35 40 21 95 0 29 0 0 0 94 73 21 23 22  
25 54 62 0 15 52 18 46 0 0 0 46 0 27 61 30 64 0 93 0 0 0 24 26 0 0 28 81 46 58 96 84 15 72 43 86 84 0 0 99 63 32 1 4 11 20 6 93 6 31 48 0 0 47 33 0 0 90 70 0 58 0 0 0 0 38 0 19 0 19 14 0 88 95 0 3 0 86 3 37 2 21 0 0 0 0 80  
35 0 0 15 70 63 0 71 73 1 21 0 73 98 69 23 91 24 27 92 57 0 71 88 36 29 0 60 17 81 0 54 91 31 95 98 40 63 64 9 40 44 55 75 46 10 58 0 0 41 0 91 63 0 8 59 60 0 17 16 95 37 83 48 51 80 69 83 38 89 97 9 54 58 92 32 88 0 77 51 74 83 91 23 71 52 95  
26 0 77 96 21 0 13 21 48 84 0 93 67 0 19 0 36 0 24 42 46 70 0 1 3 46 78 64 91 73 48 15 0 87 98 61 0 61 25 9 0 72 20 12 41 0 0 85 15 11 25 0 22 0 58 86 88 0 54 17 52 0 83 72 0 0 71 90 12 96 63 2 0 5 0 25 12 17 11 43 22 67 0 37 0 51 7  
0 83 52 36 55 51 42 0 64 0 0 0 0 16 33 66 24 48 12 55 51 28 97 0 91 87 9 68 0 64 52 24 34 96 12 0 81 77 88 0 0 62 0 0 96 77 0 60 57 2 68 0 72 80 25 55 41 5 80 6 60 65 50 33 27 0 23 0 15 0 49 75 43 14 99 72 10 7 79 91 56 81 85 0 18 69 0  
54 14 100 0 25 51 54 1 11 64 0 76 71 37 97 0 40 84 74 98 40 0 87 67 0 0 39 0 46 52 0 0 36 33 12 0 63 26 6 83 77 22 6 34 32 0 0 46 30 0 0 44 1 49 90 0 99 26 43 43 15 0 86 69 45 0 22 36 82 55 1 97 99 58 0 0 0 0 56 20 48 57 73 28 12 43 42  
62 28 98 60 15 0 0 54 71 0 10 24 76 80 0 60 30 82 90 15 13 81 29 89 21 0 90 1 13 79 3 96 0 0 53 85 0 94 33 75 13 0 6 4 83 38 49 85 0 28 99 97 0 86 90 22 16 99 0 33 0 58 0 82 92 90 58 80 27 80 98 0 0 0 73 26 56 69 0 81 47 0 80 76 58 77 0  
91 87 0 0 86 30 66 44 0 92 0 94 6 0 63 91 76 0 90 83 84 62 91 0 66 16 0 0 81 34 88 0 34 0 77 0 23 51 0 98 45 55 3 47 38 91 79 0 85 52 68 89 21 72 50 0 98 0 98 11 88 5 0 21 58 81 11 21 95 0 96 76 8 0 99 61 7 27 51 97 17 98 42 0 0 87 0  
42 74 22 65 37 97 4 37 0 30 42 76 42 76 29 63 59 22 100 0 41 10 0 83 19 61 13 0 0 76 0 94 0 59 91 9 100 0 53 7 0 99 3 54 77 28 2 0 0 76 0 0 30 73 9 72 72 32 49 27 32 31 96 76 28 42 0 6 26 0 31 0 45 93 73 74 16 62 38 49 70 49 91 75 62 56 26  
0 80 22 37 23 30 65 74 81 0 87 89 18 99 26 66 27 0 29 0 58 0 22 77 0 73 0 0 0 64 0 51 0 0 48 0 75 50 16 62 0 41 0 41 23 0 0 32 86 0 39 29 54 0 95 36 88 0 0 0 0 0 19 4 91 64 28 24 0 27 0 65 79 92 33 0 43 83 76 19 45 62 0 76 31 28 79  
60 29 0 29 43 0 0 0 22 27 54 93 33 22 57 56 64 0 43 5 0 35 44 34 0 0 96 47 0 0 53 22 40 46 0 46 34 97 25 99 69 87 32 23 70 44 0 0 90 81 59 86 0 0 26 85 42 87 42 24 99 70 0 2 78 55 0 13 72 81 0 65 36 95 0 91 0 25 67 90 61 64 0 53 63 0 0  
0 38 50 48 8 0 0 36 61 0 100 0 89 81 94 80 61 43 44 30 76 80 96 0 44 96 6 19 33 39 0 50 23 60 6 22 91 30 77 93 44 60 29 6 74 78 0 83 0 0 0 30 0 78 63 68 89 0 91 2 0 14 0 87 94 22 43 0 0 0 54 3 65 41 87 0 22 72 0 99 0 55 0 40 53 86 25  
60 98 16 55 0 0 54 70 33 0 26 79 20 48 23 48 72 15 82 73 20 0 47 98 0 95 80 87 16 25 0 0 63 0 73 3 33 3 99 23 0 96 31 60 0 76 17 0 15 49 59 6 94 3 58 89 55 1 60 67 30 24 41 49 59 60 0 0 33 39 0 19 12 4 88 27 37 14 0 59 89 0 46 87 0 35 0  
0 0 84 10 80 0 0 0 91 39 25 66 27 27 30 52 94 59 23 0 78 66 16 0 41 85 50 31 99 29 94 90 0 66 7 42 76 88 0 18 12 89 24 0 81 9 0 84 0 42 0 23 19 17 0 0 37 93 12 0 33 0 0 36 0 0 1 0 0 96 23 70 13 84 50 0 74 48 0 55 47 22 55 88 72 91 59  
5 0 72 62 20 0 46 53 69 86 87 64 0 81 0 0 48 0 0 7 32 0 0 0 22 32 2 96 0 85 58 76 47 0 17 76 5 0 72 0 12 96 4 11 11 77 62 0 1 13 26 81 99 24 0 59 0 8 44 82 17 37 55 38 82 96 16 94 99 18 8 45 58 43 82 0 10 42 56 18 72 0 0 41 63 21 79  
45 0 0 84 0 5 0 43 28 81 1 82 0 26 26 89 85 77 46 0 80 49 62 0 0 91 16 0 0 15 37 20 34 0 0 0 4 19 60 38 51 59 68 9 33 66 0 96 30 37 0 0 0 0 53 38 79 49 62 0 77 0 32 0 4 0 0 0 97 82 0 18 1 52 0 29 73 5 0 61 0 30 33 30 34 0 93  
0 81 48 77 0 59 32 0 9 49 64 22 36 68 0 74 3 46 0 9 22 14 91 92 89 70 83 89 67 35 0 0 19 48 58 0 70 0 63 0 65 0 0 6 0 4 81 56 63 34 53 75 56 0 53 14 52 35 0 13 51 53 0 18 66 48 0 32 50 46 3 3 4 82 80 0 0 0 19 0 12 98 64 78 10 0 2  
0 75 0 12 97 31 11 33 98 62 81 86 51 48 48 5 85 94 58 0 37 23 99 82 46 81 17 40 26 0 89 35 0 90 0 0 0 69 0 0 92 68 0 15 0 0 71 47 0 0 21 6 96 48 40 22 89 0 0 67 39 57 26 88 59 23 14 0 79 56 47 55 0 20 68 31 28 0 0 7 0 39 0 0 95 84 46  
26 20 4 69 47 12 71 91 28 23 0 35 47 28 11 0 66 0 12 94 15 0 92 14 8 48 86 60 50 0 0 40 0 90 16 58 90 0 46 37 91 22 14 50 83 0 46 0 65 65 43 28 91 100 47 76 25 85 16 54 63 0 0 32 0 7 20 0 37 0 84 0 0 39 81 54 90 0 2 1 0 28 22 39 0 47 77  
0 0 28 71 58 0 68 60 59 88 50 2 0 18 39 73 10 8 68 0 70 65 50 0 72 85 59 0 52 12 33 94 26 0 62 80 24 39 0 44 87 55 0 93 49 49 0 59 0 100 64 94 0 0 56 86 9 16 20 15 18 80 11 82 83 65 28 75 17 0 0 91 18 32 0 93 0 83 64 0 36 7 0 18 34 51 0  
5 14 76 68 99 53 0 18 54 88 58 57 48 82 0 50 65 30 10 92 63 34 0 90 52 0 91 87 23 85 17 54 33 88 10 96 0 0 6 0 69 36 92 84 29 21 10 36 20 26 11 51 16 0 68 18 72 46 27 93 90 0 98 24 79 3 23 2 19 83 0 8 0 47 0 0 31 27 3 2 66 11 14 31 6 8 0  
9 66 46 0 23 0 85 26 94 0 68 0 21 0 9 66 0 32 33 0 0 24 55 0 20 0 84 0 0 0 34 95 82 37 0 21 23 89 14 0 0 87 24 0 6 51 0 3 33 84 47 0 0 76 5 0 0 38 0 13 55 3 0 0 0 66 96 34 91 73 0 7 10 28 0 100 68 15 12 18 0 11 80 45 0 98 0  
38 0 0 96 0 97 0 41 98 42 0 75 16 0 0 46 0 80 0 7 0 80 0 0 66 87 19 6 0 72 0 95 29 22 0 0 0 16 61 34 72 0 0 69 75 66 0 41 88 0 0 37 65 43 50 46 0 28 94 0 43 0 76 56 65 82 21 0 80 82 47 93 0 17 0 0 0 56 30 0 28 28 0 0 79 0 0  
0 90 0 88 0 77 0 68 85 98 9 33 9 74 92 34 11 0 61 91 21 37 0 0 0 4 0 81 61 0 88 0 19 31 0 38 29 17 54 0 64 49 0 0 0 25 1 0 0 8 0 62 23 0 74 60 75 0 0 82 0 84 17 48 92 0 25 88 90 0 52 0 97 83 81 0 49 22 77 78 0 92 46 31 95 39 0  
13 52 58 0 69 26 86 0 57 79 0 76 0 0 38 24 72 78 23 14 39 0 27 0 99 48 0 88 83 0 0 43 90 42 0 54 16 67 38 0 0 1 0 0 0 0 0 23 0 33 3 15 0 47 0 0 37 71 85 35 72 0 5 0 14 17 84 68 99 0 0 0 0 23 44 31 40 0 26 2 0 52 11 51 0 96 50  
34 0 0 0 23 16 94 32 56 94 0 0 28 48 80 25 77 13 66 74 40 75 44 0 0 78 32 19 67 87 51 32 75 18 0 12 45 51 0 41 34 0 59 96 0 46 19 46 0 9 40 90 61 0 6 93 92 20 100 100 46 3 67 84 91 56 0 0 16 60 48 50 91 15 63 39 2 66 73 84 61 39 0 72 60 83 17  
42 0 0 64 0 15 3 2 98 18 0 29 0 18 93 61 49 0 22 71 22 90 2 8 7 65 81 88 0 70 65 62 89 80 33 0 0 11 37 62 0 13 65 40 0 0 31 81 23 63 5 0 0 31 64 88 46 0 61 96 76 87 93 80 50 68 52 18 66 87 71 72 0 68 0 45 95 81 0 93 0 2 0 24 45 78 22  
60 1 82 71 27 0 39 69 75 0 2 0 0 79 1 9 13 57 0 48 0 74 0 0 58 20 2 50 0 0 49 0 0 54 53 0 53 58 69 0 40 28 23 13 73 32 0 72 66 34 0 16 11 24 0 20 45 0 48 18 52 36 99 79 83 0 0 33 0 0 74 55 73 42 0 0 87 98 0 50 78 59 0 14 70 35 55  
61 83 0 1 68 47 0 92 76 68 26 18 0 77 97 82 27 41 100 4 0 17 100 56 41 3 71 59 9 0 7 71 0 39 39 17 0 3 37 18 96 0 13 0 65 41 66 0 78 94 0 88 44 46 36 52 22 8 22 0 87 90 42 93 85 72 54 46 70 96 38 7 27 68 0 23 88 69 51 27 32 0 0 59 31 50 53  
10 46 13 21 61 9 37 0 0 16 0 70 79 54 0 37 89 85 44 57 74 0 30 0 32 0 23 36 45 93 45 0 0 96 0 73 58 0 68 63 30 42 92 0 55 0 25 43 0 49 53 0 0 36 68 0 63 0 0 8 0 30 0 92 37 0 92 0 17 6 52 78 0 93 0 0 21 75 48 53 4 78 24 44 66 68 41  
25 64 24 60 48 5 89 54 0 0 62 0 56 5 94 23 72 16 72 73 0 94 44 45 34 50 32 27 6 89 36 0 31 70 88 87 63 0 67 12 55 74 0 0 0 31 100 0 20 0 39 53 37 99 4 0 0 0 65 40 85 90 0 75 0 40 72 35 7 79 70 7 0 97 32 39 27 0 18 0 0 0 40 26 71 0 7  
37 10 54 38 18 68 87 65 0 0 46 30 90 0 0 97 94 44 0 6 96 33 45 83 0 64 93 0 5 0 0 0 3 58 100 2 6 26 45 0 0 33 78 41 0 0 94 50 84 42 0 52 97 56 80 0 0 0 61 73 0 59 0 8 13 49 26 77 15 7 55 23 50 28 91 38 19 19 9 82 82 0 61 0 37 98 98  
0 94 79 0 87 0 76 12 37 48 19 25 79 0 86 57 45 41 26 65 58 0 16 21 100 64 94 85 94 68 0 4 0 66 46 77 10 0 0 0 67 0 0 0 79 4 55 45 95 90 8 0 95 42 2 74 46 0 45 72 1 66 62 0 95 22 86 0 0 30 75 2 0 58 75 100 83 55 0 74 92 88 0 76 37 10 44  
18 91 18 0 19 37 36 0 72 20 92 20 95 19 8 30 13 0 38 92 32 46 86 58 0 75 2 0 0 75 46 94 54 12 42 6 93 38 6 66 2 0 33 61 26 42 63 0 18 79 35 0 0 7 85 0 61 7 49 40 0 22 71 68 1 94 16 0 22 30 0 86 0 0 83 0 28 79 54 91 7 0 84 53 18 56 13  
57 92 36 0 11 0 56 98 16 0 7 0 4 52 72 0 16 52 0 22 0 65 21 0 66 91 36 48 48 44 0 95 12 91 4 46 20 34 90 53 87 51 95 95 23 69 87 77 9 96 50 0 6 0 71 0 30 47 62 0 0 13 34 0 76 67 0 0 34 96 0 74 23 0 76 22 42 78 100 63 93 0 0 1 46 69 25  
39 0 7 4 0 25 68 0 22 0 41 77 62 77 51 49 93 91 10 42 42 66 55 34 7 0 83 65 31 67 74 31 80 64 0 81 27 51 7 45 86 62 39 6 32 15 83 52 78 0 18 35 0 46 0 23 0 13 90 0 59 28 15 0 0 96 17 56 52 29 0 94 93 4 64 7 40 89 72 72 53 0 3 90 0 0 30  
72 0 0 14 61 0 35 22 0 5 5 0 94 77 0 0 77 87 77 0 83 43 44 4 29 5 20 38 0 52 0 0 0 51 45 64 93 6 74 89 0 64 15 0 66 27 89 92 5 39 44 25 0 19 46 0 64 15 0 61 90 77 97 0 67 0 0 2 0 0 0 68 96 22 0 8 42 17 13 64 14 0 97 89 48 10 90  
86 31 57 5 0 0 3 29 34 5 49 0 0 41 98 28 77 86 84 50 0 11 7 99 38 0 0 0 41 20 96 3 59 0 0 30 31 74 56 45 73 54 98 98 0 14 0 20 42 0 15 72 0 72 84 0 0 42 77 45 60 52 81 64 81 0 15 99 15 0 11 31 0 13 65 72 0 68 0 19 72 80 50 0 0 14 95  
82 7 43 73 49 90 0 0 0 65 67 46 21 57 39 65 3 0 65 97 59 7 26 40 0 69 97 0 14 0 64 61 51 0 7 0 61 0 73 47 3 51 46 99 17 69 12 46 61 89 0 0 76 0 97 41 28 0 3 0 12 0 91 18 26 4 0 26 0 95 76 77 0 63 53 7 89 84 79 74 91 99 27 53 74 23 5  
53 97 0 37 7 78 64 80 0 61 54 0 34 63 0 66 89 60 60 65 0 47 50 3 0 11 93 38 45 0 31 0 35 97 21 55 84 61 19 81 99 16 10 30 52 52 52 38 20 0 30 5 44 16 8 0 0 5 0 68 0 64 0 56 92 17 97 57 0 83 0 80 81 21 54 37 0 0 0 79 11 23 13 0 91 93 52  
79 16 0 32 42 41 0 68 45 4 15 42 55 0 0 3 77 37 34 12 90 0 0 0 69 10 49 95 91 0 100 86 90 98 84 18 15 0 13 0 69 39 75 53 0 0 36 71 50 33 44 0 92 4 35 56 72 0 22 0 0 20 64 67 0 100 5 11 74 41 0 59 98 28 71 82 59 88 82 0 7 0 67 29 28 99 67  
64 43 20 53 27 23 98 64 9 49 0 7 66 34 22 0 14 48 0 12 0 0 39 62 37 3 0 0 0 18 65 88 51 45 10 21 87 0 0 83 20 76 95 60 22 100 82 100 91 0 76 81 9 88 0 38 15 22 68 90 0 37 0 2 0 98 14 36 59 0 0 72 78 62 0 8 16 80 0 6 28 31 73 81 14 51 0  
63 76 59 68 54 24 14 0 70 55 31 48 78 10 44 52 0 22 0 59 69 97 4 19 55 2 40 46 11 0 85 0 39 64 97 18 71 65 1 0 44 0 97 61 0 87 0 36 0 53 69 8 95 0 35 12 41 32 0 22 31 0 0 44 72 51 85 56 78 72 52 1 71 29 55 47 23 0 69 36 50 8 44 27 35 72 26  
92 65 38 24 4 57 20 83 63 87 88 0 0 87 91 32 94 78 0 77 28 25 27 67 3 23 54 0 71 77 9 0 80 0 25 14 33 0 66 41 79 90 0 74 82 49 96 33 0 46 76 97 82 0 46 1 52 0 0 47 0 14 0 17 29 16 84 44 69 5 92 0 0 27 48 22 0 1 6 85 72 26 49 72 82 97 0  
0 68 41 65 0 26 0 0 45 72 0 0 56 5 70 85 79 89 61 28 92 0 0 0 7 74 57 24 69 0 34 15 79 29 98 48 16 4 84 0 0 78 46 42 58 43 83 66 22 80 0 85 84 0 8 0 0 37 84 40 100 76 0 0 0 38 52 87 28 78 49 61 0 0 39 8 65 0 0 89 91 0 20 67 36 10 63  
28 0 68 75 0 15 36 0 64 91 19 48 0 79 21 45 72 94 0 28 23 66 88 61 67 49 43 0 0 0 72 22 0 51 1 0 5 3 6 0 80 0 88 25 0 24 0 18 96 98 49 71 46 0 96 45 18 0 34 0 0 0 99 0 0 96 93 92 0 0 3 25 5 10 92 0 0 81 87 0 0 70 37 60 0 49 46  
27 96 35 91 61 0 57 0 5 97 74 26 0 79 35 79 0 95 0 27 0 49 22 87 0 73 0 14 37 82 6 52 0 36 0 0 98 87 6 98 0 0 45 76 30 0 67 27 2 36 65 0 47 80 60 64 45 67 30 19 57 0 61 34 64 0 45 69 50 21 97 58 87 65 59 45 0 94 79 47 0 32 48 7 100 0 0  
92 67 84 34 0 58 65 10 11 0 0 45 0 23 26 0 2 55 11 0 6 70 83 58 76 95 38 70 0 76 0 0 70 58 49 40 5 19 62 63 98 29 0 43 99 0 0 69 30 55 94 83 89 16 70 95 0 0 0 50 0 0 0 0 27 73 0 10 78 37 67 92 0 0 14 98 10 46 0 0 18 56 56 37 87 86 19  
0 81 73 66 56 4 82 92 98 0 0 0 82 72 0 55 0 92 0 30 79 43 32 97 46 82 66 36 8 8 0 0 74 60 0 75 77 0 71 0 87 23 43 93 93 0 51 61 84 96 39 43 0 75 0 37 0 66 94 0 0 28 33 25 2 0 0 0 14 64 0 0 0 17 12 66 97 0 23 61 49 99 61 38 0 7 76  
12 88 0 40 33 3 92 22 0 49 44 81 87 89 12 69 53 65 0 65 0 0 0 88 36 0 43 23 91 53 77 12 40 0 19 38 43 65 44 14 59 0 93 19 22 26 40 5 58 25 0 0 18 1 83 64 10 42 0 20 5 93 85 14 35 23 25 92 0 64 78 12 71 71 4 77 24 0 16 0 0 56 0 70 40 79 72  
21 87 14 88 56 0 62 0 0 62 58 44 16 0 77 0 0 17 36 63 41 61 67 71 98 11 0 0 0 57 21 0 81 0 73 43 38 7 32 0 0 87 0 43 24 20 95 47 30 54 62 60 24 27 3 1 30 14 59 0 0 47 0 84 91 68 65 61 25 0 0 0 4 54 36 47 0 72 63 55 94 23 19 53 19 0 48  
38 65 0 56 0 0 81 77 2 0 2 25 33 0 68 86 38 9 25 1 22 6 0 62 33 22 56 20 0 0 45 39 26 13 37 0 30 0 0 0 24 25 49 66 43 33 17 0 0 83 75 61 49 99 30 13 10 0 83 39 74 0 32 10 55 84 82 75 0 50 0 98 0 9 18 0 71 70 0 92 72 0 0 38 0 0 17  
68 0 0 17 0 41 90 33 69 75 0 64 23 50 0 59 100 43 20 33 0 77 18 0 0 0 38 0 58 56 64 89 22 0 3 36 50 16 21 60 55 11 94 29 0 67 90 0 96 86 20 89 72 38 60 0 74 46 93 30 86 0 36 11 39 73 9 23 0 0 57 0 49 0 54 85 79 94 68 0 59 86 86 69 62 96 62  
10 38 78 20 57 13 0 67 0 36 64 52 0 15 26 6 0 37 0 74 57 48 3 48 0 8 0 0 97 87 36 0 65 16 77 0 60 12 6 72 69 74 0 0 41 49 8 0 56 0 26 38 94 8 86 68 57 0 0 27 25 98 0 61 74 4 0 10 23 9 38 98 0 82 0 8 5 46 33 50 100 70 55 7 50 0 26  
0 0 48 28 4 0 25 0 82 0 98 0 36 54 87 66 82 81 8 43 40 96 69 0 73 5 0 0 3 32 82 61 10 93 16 69 5 79 96 63 36 0 10 77 65 51 3 0 93 72 73 90 38 50 0 28 96 56 47 0 0 48 74 88 29 91 0 0 3 6 0 0 0 0 95 9 7 35 0 11 29 70 49 0 32 0 13  
28 49 0 28 0 0 69 13 93 0 44 57 25 28 24 31 76 20 0 16 17 16 21 16 0 81 42 6 60 95 0 0 35 0 0 41 0 78 96 0 21 94 49 52 29 0 44 15 90 4 75 41 73 0 0 82 37 0 81 39 9 0 53 7 46 74 32 65 0 1 14 36 75 75 0 18 22 98 0 15 59 33 75 84 54 68 77  
88 23 53 0 26 2 12 62 0 51 0 68 89 73 96 0 0 98 68 70 11 45 74 94 95 54 0 44 47 70 77 0 98 0 0 0 59 4 0 41 12 6 84 100 21 61 49 88 74 40 15 57 55 88 60 59 76 92 36 48 48 42 91 39 55 14 7 71 0 44 0 99 0 0 16 0 85 0 0 60 89 37 0 0 46 13 62  
26 38 41 0 77 0 74 29 0 65 52 69 60 58 0 0 84 0 45 0 91 49 31 90 30 0 61 48 0 30 29 24 58 64 36 0 83 0 0 40 95 16 49 68 0 0 47 0 32 0 97 20 49 20 0 0 0 84 63 22 98 21 0 58 0 38 59 83 75 20 0 71 97 36 70 46 0 100 2 0 83 68 0 0 0 12 0  
0 0 0 64 0 53 0 17 0 81 21 59 51 76 13 65 0 0 0 69 20 13 13 8 34 96 90 0 11 0 77 0 25 0 23 0 38 0 59 89 0 43 81 0 0 0 2 92 2 0 29 25 10 1 0 5 67 22 55 0 60 16 16 25 13 100 96 0 46 70 0 93 85 82 88 31 66 0 55 78 47 62 14 48 29 44 60  
55 45 29 63 94 0 62 0 0 14 0 60 0 0 30 0 81 44 73 30 91 92 31 0 76 32 32 2 16 84 7 0 10 26 0 0 98 19 85 39 0 13 56 39 50 33 0 99 97 41 14 34 9 53 4 0 10 19 65 53 95 78 0 0 93 52 64 0 39 62 94 76 0 47 28 0 87 78 0 17 13 16 0 60 85 36 83  
9 1 0 0 1 45 28 0 90 30 0 61 0 100 17 62 0 47 48 41 2 21 48 45 10 80 26 0 54 26 50 80 87 45 48 22 0 0 0 45 0 47 83 28 71 0 82 20 75 0 0 74 49 0 100 0 16 32 0 0 48 100 27 94 1 0 0 29 37 0 9 18 28 4 4 22 0 74 0 0 100 99 3 47 15 0 0  
10 87 18 74 85 63 0 61 58 34 0 33 78 0 0 25 86 61 86 51 89 57 64 98 0 0 59 84 0 43 19 44 96 94 90 62 0 37 25 52 0 79 18 0 0 27 55 36 95 9 0 15 62 94 46 16 72 0 16 74 0 100 22 0 68 0 16 25 8 61 60 89 31 25 0 0 18 95 71 51 0 17 27 58 65 60 0  
42 98 37 0 65 16 75 8 25 0 34 0 90 58 18 56 0 0 94 87 61 39 77 20 82 23 59 78 80 47 84 23 90 0 62 0 37 0 27 7 53 0 28 56 86 33 25 57 99 78 0 88 81 90 5 23 83 80 12 75 22 64 0 44 0 31 91 81 43 0 100 65 24 68 53 45 17 17 56 87 0 0 79 0 0 64 70  
99 0 0 80 0 35 10 0 0 0 80 82 84 42 20 32 88 0 18 16 71 29 0 0 98 32 0 13 49 95 1 0 23 85 80 55 100 51 37 0 17 99 0 0 94 23 0 0 0 86 29 88 98 80 6 0 0 92 4 51 91 0 95 0 27 1 0 27 0 89 30 3 30 44 0 0 0 46 97 0 85 42 0 86 0 0 0  
75 39 97 0 25 9 79 53 0 23 83 24 68 41 6 0 76 0 0 66 85 55 72 90 98 4 0 63 1 54 37 16 0 0 98 0 72 0 62 74 100 93 88 31 0 0 47 0 64 0 14 0 0 45 0 92 59 23 0 10 0 0 17 28 96 98 70 0 30 88 42 28 40 58 25 0 0 97 48 0 29 10 75 0 0 0 48  
3 61 46 27 64 7 8 50 1 100 56 0 50 0 42 65 95 0 0 66 50 36 37 0 18 50 58 24 0 28 0 36 98 28 72 0 14 0 0 19 0 32 87 10 0 23 7 19 0 60 80 0 52 49 96 90 0 72 55 35 78 0 0 72 36 42 1 36 25 0 33 0 74 82 62 88 69 0 30 1 0 0 62 57 0 86 36  
70 9 0 71 60 50 89 0 1 38 49 0 17 0 78 53 0 16 12 10 73 0 63 8 0 27 72 61 15 0 10 0 65 60 19 85 41 16 67 30 2 23 53 25 100 76 71 88 13 4 83 0 0 37 4 62 41 0 0 62 76 0 41 77 0 25 45 54 66 69 96 0 20 37 51 0 80 0 64 87 80 0 49 10 76 0 10  
0 43 65 73 0 70 22 75 96 0 94 95 12 60 36 6 27 0 0 97 0 52 0 80 16 40 0 0 0 78 94 77 10 37 0 31 48 48 38 73 24 24 84 0 0 0 29 56 0 37 66 89 62 0 76 7 98 23 52 63 67 67 0 62 0 0 41 33 20 37 0 0 88 0 0 44 0 24 31 50 33 25 0 0 66 77 0  
