0 10 9 41 0 0 30 58 0 2 0 55 53 37 17 59 39 93 75 91 56 11 45 0 81 44 83 17 96 0 65 74 88 25 0 0 37 2 44 28 46 99 72 36 45 48 55 48 40 0 50 81 87 40 0 67 87 56 63 31 0 0 4 6 96 21 21 93 75 67 11 52 0 54 0 70 0 97 4 62 44 0 0 73 0 0 71 10 8 0 0 75 33 0 8 56 8 87 31 0  
43 0 0 90 0 73 79 59 66 21 0 32 56 68 0 0 0 17 33 37 39 0 69 31 76 89 0 34 0 0 47 0 67 10 71 29 79 0 0 6 96 0 37 52 0 63 0 77 0 64 0 14 57 71 81 86 82 70 77 54 49 0 25 82 88 0 95 17 0 46 58 3 43 35 93 31 84 23 29 0 77 15 18 12 93 0 92 96 9 0 0 48 14 4 88 3 27 0 89 89  
88 1 0 92 0 85 0 0 83 55 0 12 0 76 74 60 9 70 95 70 0 32 0 63 74 93 87 86 35 0 46 60 67 0 28 53 7 91 65 72 58 75 0 0 60 0 77 55 21 39 34 92 69 84 56 89 14 97 85 10 69 0 64 4 92 43 56 42 0 92 24 77 53 23 90 84 0 65 40 43 62 93 70 20 92 53 0 66 4 60 0 0 7 28 0 2 48 0 66 97  
0 29 51 0 44 0 17 44 40 0 89 15 0 33 82 53 97 76 51 49 54 65 72 35 51 84 0 11 69 0 50 71 82 87 2 92 95 0 55 20 90 0 84 0 76 0 56 0 2 53 44 31 5 6 41 44 65 69 99 22 4 75 29 39 0 58 0 0 0 24 15 99 74 20 59 37 85 13 27 77 34 51 16 0 16 12 54 7 38 59 0 0 85 80 22 55 79 0 90 0  
0 82 94 11 0 83 90 65 0 0 55 0 38 79 92 33 0 53 57 48 13 63 43 32 0 0 96 73 51 68 0 64 41 70 86 49 89 3 32 0 57 75 21 76 0 8 0 0 0 0 100 51 13 50 33 30 3 0 45 0 35 0 39 0 0 78 79 0 32 69 79 82 0 33 55 0 16 27 48 68 36 13 0 77 47 79 26 5 29 10 25 93 59 0 60 0 0 0 47 65  
13 62 27 60 81 0 0 56 21 0 41 46 97 27 95 95 61 95 32 0 68 9 86 6 0 37 84 79 0 76 36 77 25 0 0 0 28 45 11 18 26 0 73 81 0 99 20 0 76 85 0 57 41 0 0 60 100 30 0 44 45 94 8 37 80 47 43 0 21 67 64 65 80 88 38 0 0 0 0 64 24 2 89 0 5 20 60 63 0 35 0 0 36 0 45 0 0 47 0 41  
8 60 71 21 0 56 0 3 72 97 35 0 75 14 0 31 48 10 66 66 33 99 0 0 0 0 0 58 74 9 66 67 0 0 90 63 0 78 67 3 55 0 88 35 90 87 83 43 27 49 35 50 0 0 95 42 87 20 0 0 39 0 17 63 57 0 99 0 12 71 57 1 0 74 41 57 0 0 99 33 0 12 0 45 74 54 44 65 77 62 43 0 0 61 0 81 22 67 0 0  
0 28 94 0 19 28 0 0 59 92 8 22 60 31 49 0 99 0 55 0 67 18 46 75 95 36 0 27 21 57 69 0 57 94 90 55 0 23 0 1 0 0 19 7 99 89 27 28 20 48 0 0 33 86 0 22 90 57 0 0 0 8 99 45 1 76 74 69 0 0 79 0 59 0 46 0 82 44 0 0 75 0 18 0 91 0 32 16 35 93 0 58 0 0 48 11 47 6 0 23  
25 3 0 66 1 12 0 0 0 60 77 0 19 77 0 55 59 16 59 0 94 0 85 21 0 43 86 91 70 17 0 95 31 41 99 0 62 77 0 0 64 27 76 14 9 87 51 27 2 0 0 100 90 58 56 0 79 94 0 98 47 79 8 0 17 0 19 0 79 2 0 33 62 14 57 0 30 33 75 0 26 0 99 60 0 0 60 0 96 0 40 98 0 33 24 73 22 59 55 0  
47 93 33 17 70 57 86 55 0 0 49 40 0 48 0 53 36 12 0 9 40 50 49 0 82 0 11 17 93 0 56 92 6 47 77 18 63 40 0 68 41 84 59 99 0 95 0 0 42 0 0 1 0 0 0 57 3 73 0 58 29 67 89 0 10 0 66 38 13 17 45 33 89 25 48 98 33 0 53 33 24 20 1 29 98 58 87 0 28 17 42 82 7 68 5 14 32 70 19 0  
46 83 46 95 13 27 29 79 93 0 0 19 79 0 0 0 45 83 0 53 0 0 84 0 51 36 0 68 46 15 68 73 100 0 55 25 0 87 72 91 69 85 53 12 0 0 0 0 19 4 0 0 100 39 36 46 0 83 59 10 28 0 0 69 0 0 0 38 0 0 46 0 84 99 63 84 30 99 47 22 30 0 0 25 0 39 0 0 4 0 35 0 79 60 22 0 89 0 92 12  
24 36 0 36 21 0 71 0 87 0 33 0 37 0 99 2 2 0 37 0 100 48 12 92 54 80 0 26 0 92 53 91 0 75 41 62 46 0 70 0 53 73 51 0 0 25 0 47 61 23 68 73 45 83 82 36 55 58 56 14 84 5 82 32 49 0 25 59 0 13 52 49 4 60 43 0 0 47 81 0 49 81 19 62 0 98 0 0 0 0 40 0 28 87 40 0 0 98 52 68  
15 82 34 99 0 54 0 0 45 39 76 82 0 97 14 88 40 0 0 0 19 99 84 78 58 82 58 38 52 80 0 14 80 0 4 100 29 58 7 10 0 77 0 18 75 0 0 93 6 65 9 10 0 40 49 49 0 33 22 92 15 22 86 0 0 68 0 0 89 8 51 0 5 0 0 97 40 33 95 0 94 95 75 8 14 3 0 85 2 56 0 57 46 0 0 8 0 98 0 59  
16 0 10 58 21 0 0 84 6 46 71 64 0 0 0 0 17 2 18 8 0 97 28 68 2 57 11 0 37 74 38 85 0 6 0 80 0 0 4 17 53 52 49 69 0 0 99 3 95 90 0 10 4 5 79 26 84 70 0 11 13 82 38 9 97 73 68 15 10 76 57 83 23 8 0 99 94 83 43 33 24 67 0 56 28 9 0 75 0 84 27 70 29 45 51 0 0 10 30 0  
76 4 66 3 58 73 15 46 82 1 41 68 0 0 0 30 3 0 70 87 65 69 11 0 0 19 69 71 55 80 80 88 26 0 98 0 54 82 0 31 74 72 0 87 40 0 100 40 99 94 0 70 0 0 0 74 70 0 13 1 70 91 0 53 36 33 35 0 67 0 44 95 53 23 5 48 85 0 13 26 21 0 26 5 0 66 96 0 32 100 75 54 99 95 37 0 76 83 88 37  
17 0 0 0 0 0 50 33 67 64 0 86 21 20 7 0 71 0 0 99 0 79 17 0 0 99 0 62 1 51 10 13 0 0 70 93 40 0 33 0 68 11 96 0 100 48 77 4 72 80 0 49 0 0 0 48 95 95 17 53 39 0 22 79 11 36 93 53 87 0 79 45 53 22 0 77 70 20 16 0 0 54 50 86 49 38 39 2 0 61 0 87 85 61 91 77 78 0 43 59  
100 0 65 73 9 14 40 98 0 49 14 0 92 82 57 0 0 100 73 33 0 0 75 28 28 6 0 6 0 0 16 74 4 20 77 94 0 13 57 7 73 73 45 0 0 27 21 87 65 0 24 12 0 44 0 32 80 72 12 47 25 5 94 88 16 11 55 26 48 0 20 80 78 0 78 0 0 0 67 96 28 0 31 46 75 56 53 11 70 4 34 55 0 55 47 99 0 36 7 97  
66 79 93 37 47 11 0 9 0 56 100 13 0 92 57 80 4 0 94 2 66 72 80 47 81 98 30 11 26 39 90 21 26 0 41 31 49 0 15 0 65 34 42 95 0 62 0 55 0 96 0 0 97 25 34 1 28 77 98 48 13 0 46 52 2 99 87 97 32 72 74 43 43 0 67 45 99 0 56 47 18 70 30 23 63 87 52 0 75 43 56 0 49 0 78 15 62 59 98 0  
85 71 22 0 30 0 2 59 82 79 0 63 0 64 96 44 32 79 0 5 37 41 72 83 21 38 83 4 68 21 89 83 29 14 21 51 1 89 40 0 6 32 56 28 42 3 0 0 46 74 0 0 83 72 45 0 41 61 36 86 50 42 37 10 19 95 14 0 61 44 22 19 10 40 0 46 0 0 0 5 33 0 48 54 51 57 81 54 11 75 43 33 18 0 0 60 98 7 0 87  
60 41 0 0 0 67 10 0 0 59 85 0 58 0 0 59 48 0 0 0 65 0 14 84 55 0 0 90 49 28 0 78 3 0 94 97 87 38 57 0 7 0 0 73 7 56 0 6 20 27 38 2 0 47 0 0 0 26 0 11 91 68 0 7 2 85 18 66 75 88 86 1 47 41 46 2 0 99 27 0 10 23 78 29 0 0 0 0 22 16 72 62 65 58 49 0 36 77 0 0  
39 0 55 73 0 0 57 83 59 70 68 85 76 0 7 62 21 89 7 93 0 56 31 83 0 63 11 92 0 41 28 76 24 43 0 44 98 0 77 0 3 0 3 0 0 74 6 24 47 17 9 0 57 0 30 0 36 44 0 97 0 14 0 14 39 15 43 64 0 13 0 30 57 0 0 91 66 37 0 0 80 0 0 0 74 0 0 0 32 14 58 71 15 15 0 20 40 3 62 26  
87 15 5 87 70 0 0 64 12 0 10 59 17 66 23 3 99 0 18 33 28 0 0 90 0 0 31 52 40 1 21 0 37 0 6 0 72 0 5 47 88 65 37 0 3 85 84 0 66 40 47 80 7 0 5 0 80 0 31 77 29 30 22 36 74 24 58 33 37 76 1 74 49 18 14 59 52 56 92 31 6 46 52 0 57 42 68 0 0 79 14 100 5 39 94 43 30 87 0 0  
12 27 53 60 21 19 7 0 56 38 76 14 40 0 11 0 45 0 0 5 6 42 0 97 75 32 0 22 7 33 76 4 0 60 83 77 89 42 5 61 0 41 14 74 45 66 0 44 54 0 56 24 83 0 58 62 14 32 62 18 0 83 1 75 12 80 67 0 20 12 46 0 0 0 0 2 70 46 15 0 54 67 0 26 72 1 0 0 0 0 60 0 83 40 10 33 46 29 42 0  
62 58 15 29 81 17 60 3 0 19 73 71 59 70 0 99 3 96 59 7 81 39 91 0 63 0 0 86 98 89 47 0 63 38 87 88 7 81 0 0 49 11 57 0 0 85 75 27 49 0 79 4 85 43 34 86 6 47 54 14 57 4 98 0 2 30 9 0 89 95 0 78 84 12 78 95 28 82 51 19 26 0 46 0 59 16 63 58 71 75 13 45 0 51 0 47 79 24 0 52  
0 35 18 28 10 48 20 99 31 41 47 50 73 45 7 93 88 18 14 65 12 83 0 0 0 99 0 89 61 9 0 0 0 79 54 31 76 0 9 88 59 41 26 57 17 0 56 72 89 17 87 77 24 0 0 71 0 46 45 23 21 73 2 0 0 52 82 0 0 71 98 99 74 35 26 31 0 0 53 0 86 9 0 15 0 30 29 65 13 83 1 65 9 22 82 32 79 13 95 0  
40 70 82 0 94 0 0 75 0 72 74 83 16 0 79 27 49 96 80 30 29 10 75 49 0 0 33 0 0 0 41 22 38 26 0 56 26 0 58 64 0 8 92 0 60 0 29 45 82 45 0 0 63 96 60 16 69 24 84 91 0 0 27 0 22 96 14 72 24 30 89 0 92 0 0 64 64 40 32 51 30 56 45 70 48 1 69 13 70 54 38 66 29 0 0 86 55 91 0 24  
100 0 27 97 0 64 94 98 81 0 23 82 79 57 14 47 73 42 9 63 1 41 14 91 0 18 0 64 0 65 40 85 0 14 7 53 13 31 0 48 66 39 31 72 28 43 0 83 0 75 0 28 66 0 75 72 15 1 100 0 0 0 0 0 0 80 52 22 60 73 74 15 43 0 0 0 0 0 17 65 20 55 91 69 20 80 89 8 14 61 19 26 37 30 0 74 33 59 81 82  
25 26 0 42 0 0 86 68 0 0 66 81 0 0 86 0 64 65 0 0 45 30 0 39 0 0 8 0 10 40 0 24 67 72 48 69 40 5 100 94 33 15 14 0 16 3 86 45 82 0 0 31 59 0 56 48 93 0 96 66 79 61 12 74 57 88 15 13 83 0 89 0 0 24 0 0 13 29 63 0 82 0 9 0 57 17 86 32 40 89 37 0 88 75 89 6 38 90 84 70  
56 42 5 24 0 88 62 21 0 0 0 21 25 85 41 100 7 0 21 76 20 34 29 0 0 0 71 46 0 33 50 17 0 48 0 0 0 0 43 0 0 67 45 0 0 23 38 68 54 4 38 0 4 22 84 0 27 35 43 90 93 65 5 11 0 38 0 95 23 98 13 94 31 18 87 31 49 0 83 59 99 30 4 0 0 100 31 0 0 71 87 97 0 0 0 45 0 0 0 81  
58 38 95 71 83 0 0 12 18 79 46 24 81 25 67 0 27 62 54 47 0 80 14 95 51 0 64 38 18 0 50 0 9 55 0 87 13 33 0 22 55 100 65 59 71 71 0 29 58 79 0 95 45 67 0 0 12 0 85 70 99 0 0 0 69 84 57 0 57 42 41 57 84 54 59 0 63 0 31 7 73 91 56 33 56 42 91 32 25 52 14 10 65 56 7 0 86 57 44 0  
33 46 84 1 27 5 0 32 91 65 97 23 0 0 60 52 91 44 64 38 55 98 11 53 26 25 0 74 20 2 0 23 0 95 1 98 89 24 1 47 10 70 0 40 6 72 11 26 86 29 17 45 6 0 100 0 3 38 3 5 33 60 67 0 0 39 89 0 44 62 45 67 35 12 97 38 0 32 89 41 57 99 72 63 32 79 0 74 83 67 6 43 0 14 15 61 0 86 0 1  
0 33 97 100 11 27 61 94 70 18 78 59 62 32 44 60 26 10 49 0 0 0 0 35 55 34 83 0 55 34 52 0 0 0 72 0 8 30 15 53 0 0 29 64 10 22 86 0 9 44 0 91 41 62 0 89 0 36 0 0 87 11 16 69 30 81 10 89 36 29 44 0 33 50 0 44 6 54 56 0 38 18 96 8 70 0 0 87 47 0 2 62 51 54 71 53 39 52 54 17  
46 43 100 89 88 0 0 12 0 7 0 68 0 25 11 86 14 0 17 79 9 0 67 66 47 0 59 75 9 50 13 3 0 82 0 4 0 83 34 22 49 55 4 0 36 89 74 55 0 9 1 74 69 11 53 69 0 52 0 44 53 6 26 63 95 0 71 60 75 29 0 62 52 89 0 56 70 34 0 95 0 94 68 0 0 0 73 6 10 75 38 6 57 0 0 76 18 64 63 77  
72 30 0 28 60 30 0 99 51 96 0 0 24 11 30 59 2 99 14 11 33 0 10 45 0 72 64 0 0 54 14 51 0 0 79 93 0 80 98 28 46 0 46 45 0 73 68 30 84 0 0 49 88 23 0 66 30 69 98 0 37 9 94 88 65 0 34 87 52 48 68 61 0 0 53 5 87 63 67 48 3 65 81 51 0 73 8 73 0 0 53 0 14 78 79 0 48 30 23 26  
75 0 77 0 36 74 97 54 0 18 47 68 62 54 82 3 64 14 70 0 0 60 77 93 61 61 14 0 0 43 48 2 24 0 0 23 39 88 63 61 19 0 0 72 3 86 0 0 43 92 54 88 58 0 19 49 27 65 88 20 27 0 26 0 0 11 0 9 46 76 15 18 3 45 13 81 83 88 0 47 23 0 73 86 4 0 80 55 75 38 9 10 29 0 0 57 44 0 24 70  
20 0 38 55 69 91 73 21 53 0 2 17 90 58 0 15 100 50 12 0 77 86 84 0 66 30 0 74 64 0 54 64 99 24 30 0 24 66 54 33 14 0 10 43 95 13 0 11 9 16 49 0 12 87 53 91 21 34 94 51 0 0 76 15 80 61 41 0 4 16 25 43 81 31 80 73 17 5 47 45 87 4 61 13 96 62 69 0 19 29 0 0 49 0 54 10 69 66 0 40  
0 90 45 29 0 0 54 40 63 41 80 67 85 31 60 93 0 0 51 33 0 64 39 0 56 0 48 92 28 39 74 0 84 78 95 25 0 87 78 0 84 13 0 3 0 85 17 0 54 0 83 7 83 45 58 66 85 0 34 70 80 29 18 21 84 24 84 0 32 76 70 49 0 23 0 84 0 0 86 0 34 35 0 55 65 87 50 0 2 7 0 97 27 23 49 57 99 0 26 31  
0 32 34 100 69 47 55 18 87 62 54 47 48 0 77 0 42 44 0 0 0 76 0 41 0 0 11 39 2 0 14 0 23 72 0 14 41 0 0 73 38 8 26 62 54 99 0 58 31 0 82 61 88 35 76 53 6 0 8 12 0 67 35 32 0 72 40 56 46 57 20 0 52 67 0 8 83 40 45 0 64 70 8 46 0 51 35 8 20 0 0 73 55 0 23 72 0 66 39 71  
39 55 89 37 41 24 100 56 79 17 90 24 6 96 18 0 0 12 12 1 15 82 59 51 0 0 0 0 51 11 0 41 42 59 0 48 76 19 0 63 0 63 0 68 9 16 95 0 17 87 90 63 94 81 1 0 42 27 7 4 0 0 93 12 40 81 29 65 0 0 52 99 89 81 44 11 97 39 72 34 0 29 19 84 23 91 24 4 0 12 91 80 68 74 22 29 55 60 48 66  
20 0 0 0 3 69 29 0 50 0 82 33 0 73 0 0 34 95 7 37 8 45 70 0 23 79 88 0 66 0 31 0 81 73 8 31 54 4 27 0 0 0 33 50 38 49 72 94 0 95 67 20 30 0 8 20 72 0 84 75 25 0 36 93 96 15 71 30 3 75 0 95 34 49 73 91 76 83 55 0 0 12 0 43 0 0 53 22 89 92 32 48 36 65 0 40 98 83 14 70  
56 57 60 0 5 0 82 66 98 0 64 0 0 99 63 92 77 7 76 16 22 89 0 76 67 98 45 98 77 0 36 0 0 97 0 48 24 28 0 0 0 17 0 12 91 54 0 0 14 68 21 87 62 58 34 50 0 64 34 62 17 48 27 17 4 75 37 82 42 75 39 3 28 94 66 24 38 30 91 45 31 26 13 0 70 89 15 0 31 0 48 0 2 85 0 76 38 41 77 42  
0 47 0 0 3 72 89 0 9 0 0 0 0 7 94 66 0 67 6 0 2 73 56 0 40 14 95 37 96 8 89 80 22 25 78 67 29 56 20 16 13 0 53 15 100 46 9 94 0 0 10 65 32 34 45 0 23 89 89 4 0 31 78 36 0 89 56 5 35 97 8 49 0 61 0 13 34 4 0 0 0 7 14 26 0 36 62 5 43 86 0 80 7 29 0 54 92 2 31 46  
88 10 86 75 29 0 63 69 0 0 33 0 3 0 4 5 0 14 0 39 8 0 32 60 21 67 75 53 73 0 0 0 0 89 41 0 12 87 51 0 0 53 0 14 43 14 77 71 58 39 66 50 0 59 97 21 0 45 80 0 64 84 2 44 0 79 92 47 79 0 0 37 73 46 47 0 66 0 1 87 95 20 75 63 4 84 65 19 0 51 33 64 57 44 74 25 0 31 93 27  
32 0 36 26 13 27 45 14 0 21 0 0 40 37 53 22 67 0 0 22 17 11 10 76 10 59 0 39 98 83 4 0 56 47 0 30 93 94 94 20 17 83 0 0 49 63 56 52 41 42 18 70 90 93 96 0 86 0 96 95 33 45 0 78 88 30 30 41 61 32 29 0 33 60 19 2 30 0 49 0 0 55 0 83 67 44 93 0 49 16 14 52 87 82 57 70 34 40 51 78  
78 96 0 12 28 29 93 100 33 77 39 48 67 0 0 9 73 28 91 38 0 0 52 37 34 74 34 70 45 0 13 0 7 31 84 83 39 5 32 15 20 8 17 28 0 12 94 41 66 91 21 12 50 35 93 10 31 55 4 0 39 94 0 95 0 0 57 9 86 0 70 0 95 85 30 41 0 43 84 88 88 0 66 54 0 14 66 0 10 0 0 0 41 49 0 0 33 100 81 0  
64 10 53 79 78 0 0 18 87 34 1 42 42 0 0 68 82 15 44 91 0 69 0 0 0 22 60 87 25 0 81 55 0 25 20 53 25 27 0 21 38 92 57 13 93 0 29 23 0 69 56 82 0 30 68 13 0 79 87 0 38 0 0 34 0 87 31 40 66 0 67 30 0 23 0 1 0 63 92 54 0 46 0 75 50 33 0 75 91 25 45 0 59 0 0 43 96 0 0 22  
69 62 79 0 1 53 59 0 13 52 77 24 0 56 43 98 51 96 75 0 24 67 41 94 52 53 6 51 28 100 66 56 26 31 15 93 72 56 1 14 0 40 0 5 41 75 0 88 100 0 95 96 0 56 6 89 18 35 44 49 82 0 0 52 95 10 46 0 96 83 18 0 59 37 98 49 0 33 21 13 74 0 1 46 4 67 5 67 69 0 96 35 95 56 80 99 49 97 25 39  
92 14 57 14 68 0 81 59 58 0 14 38 96 84 81 54 0 85 0 12 0 2 3 86 10 62 77 81 32 97 0 46 13 0 96 0 52 88 0 36 49 37 32 0 80 10 68 0 61 0 0 0 69 3 36 58 57 84 0 4 0 0 93 64 56 28 51 0 0 29 61 0 38 0 71 0 12 37 0 65 0 58 33 0 0 57 11 23 85 27 31 92 47 100 0 70 76 0 59 0  
65 51 92 0 26 87 0 41 3 91 68 44 47 0 17 53 0 10 0 1 71 0 18 0 39 67 0 0 60 50 72 45 94 27 26 26 95 45 63 38 0 0 86 18 0 71 72 95 0 38 74 14 16 0 17 39 0 0 97 0 22 71 7 0 0 14 5 31 0 5 7 0 10 0 8 97 42 63 14 34 69 7 99 62 0 0 0 0 47 82 14 11 91 91 86 56 85 4 0 74  
6 36 76 56 3 0 56 24 0 0 49 71 0 70 31 16 5 0 41 0 91 81 18 98 0 63 0 30 0 75 21 100 76 0 34 31 0 0 0 51 0 87 18 83 42 49 0 11 57 0 17 71 91 0 72 6 89 0 18 0 81 0 0 26 17 15 0 29 70 0 83 92 0 19 0 0 78 11 45 0 25 0 50 0 10 98 60 55 27 21 41 59 23 59 23 46 0 94 50 20  
46 2 38 0 76 0 41 8 74 2 51 61 0 36 0 45 64 71 41 83 76 41 95 100 63 0 67 0 0 68 4 22 45 11 93 0 94 0 26 0 15 28 0 55 26 0 0 98 0 47 0 39 21 30 53 66 0 0 85 0 52 35 57 52 12 58 18 32 44 0 0 0 0 0 85 77 45 80 91 72 82 0 0 0 100 28 0 0 96 15 51 37 0 0 0 47 60 0 49 90  
0 70 56 0 32 0 0 65 85 2 96 22 0 22 0 32 5 95 92 2 34 99 32 55 33 68 4 77 33 0 52 0 0 65 0 79 36 69 0 0 18 0 38 0 48 27 68 78 85 1 0 0 94 68 44 82 0 97 70 31 1 33 0 0 67 86 0 0 20 5 0 0 43 81 85 52 0 0 0 34 82 94 46 12 71 26 4 42 94 9 71 79 0 7 0 84 97 34 0 45  
0 37 13 53 51 0 85 6 37 83 69 32 0 0 80 94 30 57 50 23 83 0 3 29 68 0 22 0 26 51 0 34 61 68 86 14 8 78 47 75 5 90 0 23 21 85 82 36 60 79 0 32 0 30 0 87 26 85 0 0 0 0 0 87 0 56 60 0 84 9 53 33 77 73 0 80 0 0 48 74 87 0 99 11 9 56 42 82 88 54 27 89 0 0 0 0 96 0 42 55  
16 91 12 87 56 1 0 66 74 80 35 42 52 0 31 0 92 70 25 0 99 69 65 82 0 0 20 14 10 11 1 35 72 0 49 31 0 46 73 13 0 0 10 67 84 0 9 54 42 0 0 0 60 0 5 36 35 49 80 93 63 5 0 42 72 42 0 42 14 9 0 3 22 97 80 98 89 21 85 87 13 30 0 0 42 0 41 54 86 99 52 70 78 36 58 0 0 37 42 83  
23 37 88 0 75 93 51 88 19 0 37 98 0 26 6 0 44 0 47 0 22 40 0 0 77 0 98 99 33 12 34 3 68 45 0 66 6 5 39 95 80 0 53 35 5 43 19 28 87 17 0 0 93 20 0 90 59 36 83 0 82 18 37 63 100 68 0 0 100 0 91 0 79 78 46 0 7 51 46 86 7 63 0 8 17 67 0 70 0 0 0 29 37 28 22 19 76 75 52 80  
35 96 0 65 47 78 39 87 36 68 47 45 0 87 0 56 7 0 0 54 10 0 58 95 79 22 66 6 65 89 54 69 17 45 32 0 29 18 1 73 79 36 34 72 63 45 7 84 0 0 60 22 97 52 88 0 37 88 61 0 10 95 42 0 0 15 0 92 44 54 55 58 14 38 18 0 68 0 68 94 24 0 0 66 28 28 75 0 94 85 60 95 72 94 33 0 60 0 23 0  
8 0 23 72 12 49 50 28 0 66 67 39 0 93 1 0 11 4 99 86 94 100 4 12 51 82 4 71 0 0 88 0 65 54 0 0 43 33 21 76 22 76 51 64 80 0 56 8 0 0 52 85 72 71 89 22 0 80 0 16 0 55 82 0 32 76 65 75 48 11 35 64 0 17 0 79 14 92 23 96 0 78 0 0 95 85 12 67 0 10 46 31 35 0 80 28 16 22 1 45  
29 0 9 25 0 34 78 49 15 0 86 14 61 48 91 55 77 17 99 78 0 96 58 84 4 47 0 37 44 64 0 74 0 89 69 3 30 10 55 75 60 0 0 0 43 0 25 32 0 46 0 0 50 91 54 76 47 0 76 37 0 15 90 0 0 61 83 0 0 93 85 0 38 65 13 1 82 76 47 29 16 98 0 0 45 62 25 10 66 48 81 0 55 78 83 4 87 63 88 62  
44 93 72 40 94 0 18 4 18 67 76 11 67 36 60 44 0 0 38 60 65 65 0 86 21 22 23 59 44 13 0 0 14 97 36 29 54 38 62 67 0 68 0 31 63 66 78 0 79 63 0 39 25 38 59 25 22 18 0 28 71 0 0 0 0 69 0 0 3 9 12 37 41 65 0 0 17 74 89 30 9 0 25 98 23 0 20 46 25 24 88 0 32 83 71 94 89 68 57 45  
0 8 76 35 72 58 8 27 81 88 23 18 62 25 27 5 43 39 89 92 52 59 3 0 49 43 94 0 87 37 35 72 0 96 9 0 16 26 0 53 55 61 63 8 47 100 15 77 70 25 95 37 20 0 44 28 0 47 68 0 0 10 0 54 54 0 45 0 42 59 0 0 86 77 61 89 66 89 73 69 0 22 85 64 88 0 90 0 84 61 0 93 21 29 96 40 14 45 1 0  
82 18 30 0 5 64 31 62 66 14 0 95 96 33 58 36 54 13 19 0 50 26 0 41 35 38 83 28 93 21 89 5 54 87 71 89 39 24 14 23 10 4 0 0 12 25 0 81 0 55 0 0 82 0 0 0 20 95 24 25 0 75 84 44 3 0 27 17 63 94 12 58 99 24 92 97 0 89 56 95 93 97 24 97 15 0 67 63 72 55 17 53 77 42 0 19 96 0 9 43  
96 94 0 19 12 10 30 12 50 55 4 0 87 46 85 15 0 57 50 87 94 30 47 30 71 5 0 36 100 94 16 11 38 41 89 0 38 95 0 13 43 57 67 74 61 38 76 85 70 31 24 91 95 78 13 32 54 0 56 70 81 0 93 80 0 73 20 39 12 62 0 89 72 60 51 29 50 0 63 8 0 88 66 43 46 7 0 0 48 97 29 36 71 68 0 57 90 11 0 39  
90 27 0 15 56 7 60 7 49 82 41 13 6 36 0 0 15 98 46 63 0 70 0 20 70 18 53 89 50 75 82 13 59 25 73 75 18 21 98 57 100 60 0 98 15 0 17 59 68 87 42 97 68 79 70 57 66 91 0 94 49 0 0 77 73 42 90 0 0 58 82 24 56 41 59 23 70 0 100 82 90 0 98 0 43 26 77 82 10 61 91 77 69 0 0 85 0 72 0 72  
4 71 14 35 0 21 32 35 0 74 10 32 18 97 81 0 72 10 84 17 52 99 67 21 0 0 26 69 8 91 55 44 0 31 5 35 53 24 27 28 28 12 0 39 8 0 88 55 27 85 35 0 63 74 0 81 44 100 0 48 68 93 28 0 0 0 52 68 39 0 16 9 26 17 62 0 10 99 0 48 16 41 15 89 99 65 5 12 50 15 96 34 34 28 0 18 10 0 48 37  
54 5 0 44 0 61 14 38 0 67 0 57 0 17 0 6 86 38 74 29 0 75 45 23 30 86 12 78 58 7 79 15 71 86 45 0 69 18 64 26 69 77 64 73 87 22 0 29 11 95 11 0 72 78 75 86 33 0 4 27 64 39 87 0 0 0 0 30 32 90 23 30 0 5 0 59 15 95 60 39 41 31 43 0 55 70 92 79 37 0 46 0 47 26 58 0 31 0 73 87  
63 21 27 0 57 96 42 32 41 19 19 0 71 30 18 23 24 6 34 74 0 86 21 17 41 65 66 0 7 0 0 33 49 40 70 2 43 37 2 58 56 0 83 7 0 14 0 13 70 25 0 0 0 69 100 0 98 33 75 77 100 38 49 85 53 0 52 0 77 6 14 95 32 0 80 0 30 87 0 96 85 28 0 40 0 0 12 18 8 2 29 28 91 77 0 23 19 71 67 17  
41 48 11 4 10 93 7 74 0 0 7 52 0 38 72 0 73 0 0 6 59 88 44 19 3 89 95 0 21 32 62 84 94 20 0 0 0 67 97 62 79 21 0 0 48 17 0 56 28 37 0 5 34 0 0 6 50 93 9 98 57 35 100 65 49 0 0 90 48 0 74 0 58 87 87 0 15 0 91 23 50 22 66 20 0 4 0 45 0 27 67 93 8 0 81 23 33 56 98 20  
47 0 57 52 31 83 0 37 18 84 0 55 0 68 4 0 12 67 72 60 36 12 0 75 6 84 28 88 83 72 64 32 11 43 75 95 22 72 0 45 4 80 38 73 0 0 5 0 22 0 0 70 73 46 78 67 96 0 95 100 35 74 67 0 3 93 76 0 86 42 43 27 16 79 45 27 27 94 94 2 61 85 0 0 0 33 85 25 22 0 34 78 13 14 53 62 33 0 0 0  
25 0 51 0 19 75 12 87 0 0 45 49 2 52 20 59 45 57 92 9 0 0 13 0 53 86 79 71 97 25 4 0 36 91 91 5 25 47 0 0 0 26 31 31 0 19 35 0 77 66 0 41 78 68 29 23 56 50 54 90 0 0 50 0 43 5 66 15 0 70 0 74 0 62 49 11 72 69 72 46 70 20 29 0 36 0 34 0 14 72 82 1 94 0 64 59 0 28 0 0  
0 8 83 0 11 0 41 87 87 9 100 7 47 49 40 23 87 57 0 0 0 28 0 41 0 0 2 33 99 4 0 0 97 0 88 93 32 0 99 33 0 0 0 88 97 21 52 5 0 42 0 0 95 24 38 64 65 14 79 48 18 42 36 39 4 43 16 35 7 0 0 0 26 0 53 90 5 28 71 12 42 10 0 0 64 4 26 14 0 25 0 47 23 0 0 91 75 35 25 15  
11 90 3 4 19 55 82 95 7 81 66 0 87 13 66 87 27 17 99 0 68 0 0 20 11 72 14 55 81 100 83 0 100 37 55 62 0 22 0 20 31 10 0 46 48 0 30 0 0 0 0 24 35 0 71 38 94 83 22 0 0 0 99 86 9 11 16 95 0 66 0 48 86 0 29 37 0 94 97 0 0 59 31 38 0 98 4 81 6 27 59 49 83 94 12 99 30 80 0 0  
0 0 0 73 0 62 56 8 82 9 78 0 0 64 0 97 33 17 19 92 74 6 100 38 28 0 39 60 0 96 0 2 29 79 12 72 27 15 64 100 95 0 0 33 36 12 78 80 99 93 63 0 0 2 20 0 0 0 58 9 0 0 18 34 62 0 0 42 46 0 0 0 0 0 3 0 89 53 55 6 92 0 61 36 72 44 50 77 38 92 60 14 68 38 13 28 0 93 88 70  
84 25 0 58 75 60 34 15 75 72 93 5 72 0 63 0 60 28 0 32 0 58 96 47 76 90 21 0 91 0 99 39 46 0 47 0 61 0 98 68 46 56 0 35 0 96 0 0 53 51 0 0 60 0 49 77 9 0 4 18 0 39 26 51 12 22 35 70 93 0 0 77 0 95 41 86 0 0 25 20 0 0 0 97 60 0 8 71 12 58 0 32 0 0 75 83 0 98 0 0  
60 0 45 0 0 0 63 48 0 83 9 86 90 0 0 59 28 74 88 0 35 43 43 10 30 0 39 75 42 78 0 32 0 59 97 67 11 0 0 0 35 5 47 16 0 0 57 40 19 23 94 89 7 0 65 92 0 89 52 50 57 0 26 11 7 43 87 50 38 1 56 73 0 0 97 16 14 32 89 75 10 82 0 45 23 0 67 18 72 35 99 23 29 57 59 0 0 11 0 0  
19 98 49 74 43 77 99 51 27 92 94 0 53 0 77 27 87 25 49 0 83 6 52 98 0 50 37 84 13 11 0 73 12 0 0 60 81 91 3 34 56 0 13 0 63 88 20 74 88 77 0 23 81 53 0 17 21 0 50 0 11 47 55 96 65 0 0 38 0 32 57 0 14 77 0 56 0 82 69 10 0 100 47 37 19 68 0 0 5 61 0 57 72 48 94 0 90 0 0 0  
71 47 0 61 23 80 76 0 0 74 96 14 6 3 56 23 86 27 83 65 46 69 70 0 11 8 19 0 3 47 33 85 64 84 0 0 67 79 67 33 0 28 37 0 74 70 41 23 0 0 36 92 0 22 42 10 0 0 13 41 85 23 2 6 0 0 22 93 10 0 66 84 3 0 0 0 48 61 80 22 96 1 78 52 41 39 0 29 80 99 35 0 71 35 43 34 0 0 37 4  
0 0 1 2 0 0 94 0 15 0 10 41 0 13 22 0 7 0 44 26 0 2 87 31 64 19 0 69 15 0 97 0 0 0 23 0 0 0 93 81 79 65 64 45 21 0 76 51 0 33 100 91 78 44 0 31 22 84 23 0 81 74 92 0 0 0 7 0 60 71 63 21 14 59 83 19 0 59 42 74 6 0 67 57 49 59 92 0 10 64 72 0 0 0 96 91 0 18 86 72  
12 0 18 0 54 50 84 0 30 23 90 44 36 0 53 95 37 0 17 2 12 41 0 0 47 47 55 15 33 5 38 24 73 6 95 34 63 0 67 23 36 0 62 90 0 6 47 38 11 0 0 98 41 62 0 0 0 87 96 77 36 0 0 0 0 19 0 0 0 0 74 61 13 77 16 0 45 0 0 0 1 37 46 0 91 99 74 0 90 18 82 92 42 0 0 4 6 23 24 90  
0 66 62 67 19 0 27 0 0 40 97 21 44 38 80 49 65 3 46 15 69 0 69 96 0 88 58 42 0 98 0 0 57 0 62 32 0 38 87 43 0 0 0 3 0 8 2 73 69 40 67 0 43 69 28 61 0 56 53 87 15 57 64 84 51 59 100 18 0 88 79 0 13 41 78 51 51 89 0 50 35 0 97 0 34 0 34 20 97 26 0 73 35 67 0 0 57 31 79 1  
83 0 45 36 90 75 69 0 0 58 0 58 12 59 0 0 23 86 14 0 0 97 29 49 81 3 77 0 0 9 0 33 0 72 0 49 57 42 0 77 0 6 70 32 96 0 70 55 0 0 0 0 6 0 0 0 66 0 0 34 54 7 46 90 80 69 41 0 31 41 98 0 98 47 43 0 68 63 57 0 90 70 45 0 58 99 44 28 49 0 0 0 0 85 62 49 6 0 30 85  
0 62 14 89 0 80 81 25 63 27 1 0 85 16 12 10 73 94 0 50 36 53 81 18 0 73 0 5 28 100 58 48 28 64 0 1 0 23 50 41 59 77 35 95 0 0 10 93 43 60 0 0 9 29 88 88 49 38 0 59 9 36 86 0 0 0 92 51 84 65 95 9 48 90 72 9 0 0 0 55 0 9 24 0 84 12 0 0 43 41 84 42 6 0 10 0 10 13 0 0  
0 92 0 6 0 47 0 0 92 27 6 58 65 0 0 73 26 50 79 32 3 0 8 91 13 0 0 33 0 40 0 93 11 34 60 27 0 90 27 0 3 72 92 36 28 71 74 40 0 81 48 14 3 41 9 23 57 0 0 0 97 18 74 27 0 58 0 69 80 44 92 74 84 0 96 67 70 54 27 19 90 0 86 100 54 0 72 93 27 61 58 0 19 18 60 0 61 50 88 0  
93 0 65 0 0 24 48 0 0 38 0 92 28 46 91 63 50 39 41 63 41 30 83 91 25 0 5 86 93 40 49 0 0 71 25 65 0 15 0 19 44 55 95 6 96 69 71 48 39 54 15 0 47 66 46 84 8 84 18 40 0 79 5 45 77 79 23 13 53 0 97 57 22 44 0 0 73 0 24 30 0 0 0 88 65 1 49 21 23 30 27 37 49 7 89 0 90 7 0 6  
84 92 4 39 87 57 60 5 11 94 28 69 27 17 82 75 0 79 0 58 51 31 26 0 0 11 28 71 22 0 0 0 51 0 42 21 0 90 51 0 24 89 21 26 0 29 33 88 11 0 39 44 89 19 99 4 95 64 94 0 47 92 0 26 54 33 99 28 100 67 0 76 61 53 0 7 26 0 98 4 44 0 51 0 57 0 13 82 0 92 0 40 56 79 71 53 74 56 89 41  
63 0 73 27 48 11 0 0 90 0 21 22 0 42 14 86 0 32 16 65 0 4 22 44 74 9 55 0 0 34 0 0 11 78 0 51 0 83 82 45 0 100 0 86 24 0 76 13 56 0 63 35 52 47 0 26 0 56 6 59 0 0 0 13 50 24 0 69 0 27 37 70 51 14 6 95 73 90 40 72 0 0 15 23 0 0 82 34 0 41 97 28 13 94 0 98 70 85 0 39  
41 79 66 22 68 16 88 0 9 0 0 42 32 82 89 0 0 3 9 93 0 18 22 0 33 27 38 11 0 0 37 19 0 0 98 20 98 33 29 31 0 64 72 55 20 20 33 61 6 60 4 61 35 0 53 70 53 0 37 0 66 69 72 34 45 23 14 11 86 83 30 4 13 78 36 0 91 66 29 95 70 1 14 84 60 0 77 76 0 73 0 0 64 31 0 0 82 0 65 17  
0 0 71 0 91 86 100 81 0 71 86 0 90 0 0 38 45 50 0 49 93 58 87 8 3 0 71 16 80 0 0 0 0 79 13 39 0 80 34 84 76 0 76 13 0 74 0 84 0 0 96 67 23 65 19 84 35 0 88 29 70 0 98 0 36 3 70 69 0 0 99 0 15 62 68 55 8 41 0 53 0 21 19 33 0 29 0 0 80 42 47 34 84 0 95 83 86 91 71 0  
0 0 0 65 49 76 45 30 0 0 0 87 82 41 0 40 0 1 77 72 0 0 92 0 80 63 79 37 0 18 12 69 27 0 79 70 37 47 46 0 8 26 80 75 2 56 64 0 40 0 0 69 71 0 71 100 39 0 0 22 100 79 23 57 90 19 19 73 26 13 5 96 7 34 21 16 45 91 81 40 24 0 87 84 82 3 27 0 82 84 47 77 38 35 17 84 5 33 0 0  
81 22 21 11 38 54 0 0 79 0 67 0 59 0 93 38 1 72 56 0 49 48 58 4 67 39 0 70 0 5 86 0 100 0 48 20 85 98 40 87 76 0 0 30 0 0 25 0 80 37 57 0 0 78 68 95 52 0 0 40 25 0 71 34 84 50 79 9 34 63 20 3 0 4 0 84 0 30 16 53 7 49 79 71 80 10 73 0 0 0 3 69 95 0 0 8 94 0 60 0  
53 100 0 42 48 40 0 77 0 0 0 0 0 65 0 41 82 0 93 79 0 63 0 44 0 88 0 28 21 0 0 0 33 96 50 0 86 4 7 7 42 95 77 20 82 0 0 36 0 44 67 0 42 75 0 0 85 0 41 68 2 0 14 76 21 38 0 74 0 68 30 69 0 42 79 12 33 0 95 37 0 0 0 0 14 14 25 12 67 0 75 19 33 11 1 59 47 6 38 84  
0 0 36 16 11 0 14 53 54 74 42 26 94 10 86 2 70 87 44 0 7 14 54 72 77 76 59 0 96 3 0 0 96 0 99 45 76 69 0 19 0 22 0 93 0 0 0 81 39 15 51 37 30 84 18 11 6 66 21 20 68 28 67 74 26 0 80 99 95 66 13 96 5 21 11 98 34 72 96 81 44 37 80 66 38 0 33 0 79 0 0 6 99 66 85 92 53 90 65 45  
0 0 0 32 49 54 40 27 0 79 0 16 36 86 10 67 24 3 0 4 43 0 28 23 0 19 68 26 79 74 88 0 5 1 67 37 14 0 61 20 87 0 90 0 0 7 92 99 52 7 9 1 72 64 0 0 0 72 22 5 5 77 16 20 90 0 22 54 13 51 43 0 0 24 52 0 0 44 51 82 22 50 51 6 57 0 1 90 3 28 9 0 23 78 51 61 36 42 12 50  
30 2 14 0 79 72 0 77 52 73 8 72 31 72 39 59 60 2 55 4 0 68 0 0 23 0 15 17 51 21 26 90 56 65 33 0 0 32 0 20 64 15 12 87 53 65 8 23 42 5 0 0 0 53 0 62 3 26 0 53 67 0 0 0 86 62 2 31 6 53 24 13 90 59 76 5 23 66 59 92 0 12 98 0 75 0 86 32 94 0 55 44 0 37 24 82 77 92 0 0  
0 72 20 35 0 100 0 58 0 41 0 39 0 67 61 92 6 0 55 0 69 28 76 40 88 0 53 0 35 53 31 0 33 48 26 83 21 85 73 34 18 26 66 77 50 87 0 0 0 54 0 95 0 22 44 18 93 0 0 88 31 0 23 85 79 50 53 0 13 0 0 0 56 0 11 0 0 64 82 0 39 30 30 41 0 69 31 84 98 56 83 20 68 0 83 0 73 0 30 28  
0 55 96 79 10 3 29 4 0 9 0 27 41 0 99 82 57 0 67 0 16 54 46 81 67 12 51 79 0 0 77 0 64 80 35 11 37 76 84 67 50 17 75 78 38 91 13 7 47 60 0 62 0 0 0 33 0 80 14 73 93 46 74 14 21 92 29 35 95 0 72 50 64 28 28 80 31 0 30 92 60 92 63 9 0 45 7 0 41 0 0 30 96 57 0 72 80 13 0 36  
15 0 0 35 54 57 85 47 51 59 29 0 0 99 0 28 58 60 52 57 11 0 43 60 41 58 32 42 85 48 0 0 33 0 42 67 94 54 0 19 93 49 0 0 26 73 74 0 51 81 0 62 85 54 41 53 0 30 18 43 53 51 37 77 3 0 0 0 54 30 66 0 0 58 64 0 0 69 28 40 85 0 5 0 87 27 16 3 66 0 25 75 71 99 19 0 0 34 0 34  
27 0 46 82 68 72 91 77 70 0 16 77 2 0 3 66 0 12 38 13 59 0 78 36 100 0 18 66 6 99 5 75 0 79 9 39 0 46 97 55 61 27 0 12 66 55 54 82 89 5 0 65 58 48 40 34 94 22 53 0 49 0 34 28 83 90 0 77 26 14 0 8 55 29 40 89 95 12 74 48 0 10 0 16 55 50 13 82 0 0 13 0 62 0 37 32 0 0 1 37  
40 3 0 0 53 0 7 62 0 56 84 59 28 60 59 44 0 97 56 94 0 15 56 67 48 10 28 50 12 3 0 47 3 62 74 9 48 19 49 0 86 53 50 0 40 79 20 74 35 23 0 0 59 62 57 0 0 0 0 16 0 26 38 74 81 85 67 0 41 96 24 55 20 80 0 43 69 35 0 36 0 68 0 7 1 100 0 36 52 20 0 82 0 50 10 66 95 0 74 32  
61 58 0 0 21 96 47 10 34 97 75 0 25 85 3 0 3 54 76 81 76 0 28 0 0 0 0 0 2 34 0 58 71 91 7 0 84 39 11 21 91 0 29 100 0 93 76 0 72 63 34 5 43 12 0 0 38 6 0 0 92 99 8 57 13 66 53 0 25 2 86 0 40 21 5 90 5 45 92 67 0 59 46 11 90 22 51 97 0 0 54 0 3 23 56 79 45 0 0 39  
32 33 44 64 15 0 3 77 55 94 45 42 0 0 0 82 22 69 26 0 55 0 58 50 44 25 18 16 52 73 80 53 0 94 19 0 7 85 0 38 0 0 0 39 0 0 100 99 15 54 0 0 57 20 59 75 0 1 23 77 0 81 62 25 96 0 40 0 11 37 0 58 98 0 80 0 50 58 97 97 45 0 0 94 0 8 0 61 17 69 87 35 0 69 7 84 38 23 0 0  
