0 0 0 67 23 0 31 1 67 98 0 0 0 49 59 0 19 80 5 37 68 6 61 54 0 93 20 0 86 45 3 0 30 84 74 27 99 81 60 0 82 76 0 8 35 0 50 89 60 76 83 62 90 64 1 43 0 62 0 9 90 43 0 14 0 42 83 100 0 86 19 11 32 46 19 73 0 66 53 72 53 97 0 0 99 56 21 55 53 44 83 65 0 39 33 0 0 70 33 85 0 0 5 85 25 66 0 99 89 0 80 24 82 51 85 13 21 25 0 0 63 55 28 6 0 0 0 78 92 11 83 0 48 71 0 60 3 14 0 64 19 3 0 83 19 11 16 56 65 0  
38 0 70 0 38 90 35 32 34 0 21 1 0 34 0 61 34 38 0 0 97 36 43 0 0 0 30 70 0 12 20 38 61 71 9 43 0 55 36 19 14 0 20 72 0 0 0 0 35 4 19 0 78 13 71 55 72 5 0 0 54 0 70 0 46 1 70 0 67 35 0 81 31 0 0 34 71 0 100 96 87 10 92 0 59 90 14 25 27 0 81 20 40 37 10 0 0 10 90 0 0 68 56 48 94 19 99 0 0 0 46 71 39 0 0 69 51 28 0 0 51 92 29 10 3 60 50 64 84 0 95 95 83 0 60 43 0 27 10 0 81 79 10 100 73 95 72 0 78 28  
0 4 0 83 0 76 0 0 57 0 68 0 23 86 0 33 69 60 12 19 0 19 64 0 0 96 7 15 81 57 45 81 44 81 0 0 70 0 78 15 84 51 13 46 57 0 0 0 13 16 54 89 45 71 38 38 20 64 60 2 90 91 52 0 11 43 48 0 3 22 48 17 0 69 0 26 14 0 49 0 79 56 45 0 61 16 52 13 0 0 0 0 41 0 89 7 0 33 42 32 79 0 0 15 53 93 83 0 0 7 0 40 91 80 0 84 67 48 50 22 46 51 11 52 32 22 91 19 39 0 0 64 67 39 18 52 55 66 0 0 0 60 64 65 8 91 0 0 0 33  
12 23 35 0 76 41 37 1 62 24 79 38 26 92 18 0 59 53 76 0 66 58 67 0 61 83 81 72 95 29 18 0 88 0 35 0 90 12 0 38 0 18 57 55 19 84 0 0 86 89 63 77 33 59 0 4 0 0 0 86 54 89 31 0 85 34 98 0 42 70 28 58 0 28 13 51 16 19 6 78 35 9 30 0 74 90 98 14 47 0 96 76 80 90 12 13 94 0 75 78 14 0 0 90 29 55 20 60 49 93 79 33 72 0 93 0 30 3 5 100 61 0 48 0 92 97 68 18 11 23 0 48 0 82 28 94 34 21 57 4 41 95 37 25 0 5 32 7 11 0  
0 0 73 7 0 32 32 1 85 1 0 48 0 20 0 50 27 6 0 24 0 0 98 93 0 76 72 56 17 53 18 0 0 61 99 0 0 91 32 0 0 0 76 62 46 16 0 67 0 99 1 36 35 0 0 0 95 45 98 76 76 49 60 44 84 27 67 1 97 62 97 0 98 0 34 32 83 70 64 68 48 58 97 0 0 67 20 8 70 28 80 70 87 83 12 89 71 91 16 85 47 97 13 73 98 24 61 70 73 4 70 0 0 26 88 29 34 35 4 17 80 58 0 81 21 98 0 12 4 0 0 66 44 96 0 45 76 61 73 68 56 72 0 9 9 0 0 96 13 0  
63 0 34 1 71 0 16 0 0 90 33 0 95 66 20 44 81 84 0 0 0 21 48 44 6 92 0 75 19 0 0 0 14 86 46 52 38 78 0 0 0 66 71 34 40 19 15 0 78 0 79 8 65 80 0 0 4 47 0 86 0 66 0 58 46 77 12 22 43 79 0 0 0 18 98 50 0 17 61 90 12 19 10 0 36 0 22 0 25 46 75 0 94 29 0 93 40 35 46 14 10 0 0 29 0 58 0 0 89 46 83 28 31 91 81 87 98 61 0 0 89 0 90 0 56 75 10 0 77 76 69 0 33 84 77 0 0 50 12 4 12 61 39 0 0 43 0 56 73 87  
0 0 35 51 34 6 0 32 18 88 35 0 0 21 13 80 0 88 24 44 0 9 0 41 21 39 85 35 0 86 3 51 0 14 23 97 0 9 23 0 61 10 37 0 66 44 0 44 0 0 0 56 0 1 29 91 81 3 51 85 0 96 24 0 24 30 81 0 0 95 40 16 31 0 43 0 0 28 0 0 13 58 0 40 54 71 0 85 11 88 5 0 55 34 0 13 20 66 16 90 98 98 36 65 7 0 90 11 0 45 12 40 0 81 0 0 0 38 92 6 67 0 0 0 44 0 52 89 76 49 95 24 96 7 14 69 64 52 39 56 0 0 0 40 5 14 48 92 13 6  
38 98 0 80 0 59 0 0 40 79 6 0 94 54 30 0 5 8 45 3 29 49 0 96 55 31 87 40 74 0 96 88 0 18 0 65 63 94 0 29 22 42 7 0 92 0 41 87 0 58 0 58 71 89 46 76 6 2 67 10 0 30 62 51 15 87 0 77 5 44 18 0 41 10 24 92 0 95 0 66 9 80 76 0 0 77 10 92 94 77 51 94 73 3 97 99 12 93 0 0 11 84 0 27 17 87 30 53 0 69 0 31 37 0 0 85 90 12 0 54 0 0 89 55 31 50 47 90 57 36 85 38 2 0 0 49 0 38 68 0 46 64 87 84 34 71 49 51 81 0  
0 0 96 7 90 87 46 0 0 47 33 0 78 33 56 21 47 30 30 75 100 77 0 42 55 11 23 0 0 0 0 11 0 76 0 12 33 77 48 83 97 24 0 53 45 53 37 73 3 0 76 10 20 84 25 61 67 0 0 63 84 0 52 0 4 0 97 57 50 60 0 0 87 32 94 0 79 17 0 81 0 48 72 77 77 82 58 83 24 0 20 93 99 15 46 79 66 65 84 0 0 64 0 7 96 2 85 45 0 0 29 26 56 97 34 70 20 32 16 62 74 51 0 0 41 13 26 0 30 0 10 0 95 54 36 0 4 0 20 35 73 93 44 0 0 0 0 0 77 16  
86 0 0 0 10 97 2 83 0 0 0 6 37 0 68 59 41 0 36 98 59 59 15 0 36 0 49 72 69 49 10 85 37 71 80 47 29 59 1 96 56 0 89 89 39 38 75 25 0 33 72 47 0 94 98 46 68 21 71 89 84 0 0 8 0 11 16 38 0 80 41 34 70 0 97 89 28 0 0 71 68 81 24 0 27 77 48 55 83 24 44 57 24 78 30 51 64 0 90 65 21 57 48 64 19 81 41 0 96 73 85 71 0 46 0 7 0 0 0 0 44 0 44 6 10 86 66 100 53 35 19 41 94 30 75 0 51 22 0 85 0 0 0 74 0 33 44 60 90 0  
5 0 39 26 72 12 0 46 89 0 0 47 71 81 4 91 48 47 78 10 0 38 0 100 57 75 39 0 53 0 0 0 71 47 0 43 0 0 75 2 36 0 60 94 61 58 39 4 48 0 100 0 99 0 90 0 0 99 24 0 34 88 33 26 48 0 58 4 85 3 0 42 12 48 7 0 42 50 68 88 77 90 0 45 0 4 48 19 86 78 70 56 0 70 83 0 66 0 34 10 86 77 0 62 0 4 36 45 62 41 37 31 24 34 46 0 82 82 69 0 16 100 0 22 56 0 29 11 0 92 0 0 0 0 0 0 30 88 89 85 45 86 55 95 77 43 4 11 40 0  
0 0 79 58 95 27 8 0 37 0 0 0 58 89 42 88 46 97 43 93 52 0 40 0 100 16 96 69 33 78 0 8 48 5 0 47 81 0 0 88 40 97 34 42 4 0 48 0 0 77 55 74 41 51 88 0 50 52 28 66 42 34 7 10 0 60 0 82 60 0 0 15 82 14 97 93 56 74 97 0 20 0 0 58 45 0 41 25 0 67 0 41 0 31 0 0 11 78 0 47 32 0 40 95 46 41 69 43 20 66 5 0 0 0 11 0 0 41 56 0 84 56 27 0 87 0 61 94 54 35 0 67 66 0 25 37 86 2 0 56 93 46 4 16 64 79 37 0 76 0  
0 24 4 100 18 93 0 16 86 66 38 9 0 46 77 20 0 0 73 29 0 81 87 21 38 43 35 0 41 0 52 31 70 0 15 0 0 0 19 0 38 47 0 37 0 10 0 53 83 0 68 0 0 92 21 79 87 0 19 57 3 66 0 14 44 3 58 0 79 0 68 89 45 32 0 57 14 62 68 82 0 19 98 7 0 37 0 80 0 49 0 41 72 32 97 0 0 0 50 19 1 93 0 1 18 0 25 0 0 10 0 18 0 8 58 78 63 0 52 0 2 0 41 94 44 17 19 13 95 90 0 2 22 3 0 11 0 43 47 96 0 100 0 0 84 9 0 57 47 49  
50 84 37 89 44 0 47 12 28 29 0 58 0 0 56 94 91 8 53 55 2 17 98 35 9 19 68 68 5 69 5 78 0 1 29 52 0 16 93 0 38 0 16 32 100 0 14 12 78 19 93 67 0 85 78 37 39 23 52 3 32 0 82 40 31 61 22 70 45 35 6 21 0 0 58 27 45 25 61 67 52 89 70 0 32 0 97 23 24 0 0 37 0 75 0 88 9 69 59 76 80 74 21 22 69 21 94 0 0 0 0 93 0 0 92 64 95 19 19 0 87 13 92 0 0 91 96 68 0 7 78 6 0 0 1 0 63 0 60 0 1 35 4 0 0 97 16 84 81 18  
25 53 0 0 66 32 88 0 0 84 0 36 0 33 0 93 0 91 0 99 0 82 51 51 0 52 64 54 0 67 74 86 83 39 43 0 54 90 22 8 64 0 57 49 21 29 61 0 30 78 0 46 0 18 17 0 0 0 91 68 13 96 80 0 81 34 25 32 0 0 0 60 83 70 73 0 62 41 11 72 34 65 7 32 12 26 58 22 97 22 85 23 26 39 38 0 49 39 2 61 92 51 94 73 0 78 36 23 67 92 58 0 6 85 5 27 33 10 0 0 65 21 0 68 8 0 75 0 0 86 1 0 7 91 0 0 46 32 37 63 0 49 77 0 89 38 0 0 0 25  
41 95 62 0 62 56 0 99 0 0 38 0 3 0 0 0 41 49 44 62 0 0 90 65 19 72 30 80 40 60 99 0 36 77 70 94 0 0 36 0 90 60 0 12 69 38 90 0 12 16 96 41 63 33 39 21 0 10 51 1 0 0 0 76 0 72 65 0 23 94 76 88 71 33 0 60 0 26 61 7 19 0 78 42 92 17 65 42 91 93 24 72 54 90 0 33 73 7 3 36 0 0 60 47 2 51 95 0 26 97 0 11 35 52 80 1 0 71 60 6 46 0 40 87 0 92 9 0 67 99 0 96 0 7 76 27 18 55 64 15 77 0 6 54 71 0 89 92 23 47  
0 0 0 16 69 5 79 0 95 42 0 53 15 55 72 83 0 0 15 26 0 0 39 23 0 0 12 10 21 17 64 66 0 68 8 80 54 0 0 66 13 18 2 0 86 0 92 46 4 69 75 51 79 66 40 0 77 71 46 71 61 4 8 80 82 0 0 78 97 29 79 0 0 20 42 2 15 39 24 67 71 64 61 17 0 26 10 61 65 26 1 40 46 29 56 0 33 0 76 0 4 64 12 71 6 38 66 50 0 94 63 47 75 26 40 9 36 95 70 0 0 0 0 18 56 0 6 55 0 93 49 86 98 0 69 100 0 22 18 77 64 24 25 48 24 0 65 79 23 18  
28 49 0 2 0 76 10 0 0 80 76 97 89 54 18 27 0 0 9 25 0 28 35 22 83 0 7 83 53 0 95 28 92 96 24 79 89 50 31 72 87 54 33 36 87 92 0 48 66 76 85 51 52 15 4 0 16 27 0 24 5 82 0 0 39 9 92 0 68 0 49 49 40 90 15 82 69 33 0 37 17 98 68 25 62 33 0 96 23 76 35 55 56 16 31 45 0 91 0 13 83 86 93 0 0 25 28 21 87 72 35 6 43 46 34 0 31 18 29 56 50 13 60 40 7 0 0 47 58 0 4 22 0 30 65 66 64 31 11 95 12 8 93 61 57 9 44 77 47 37  
68 76 71 0 34 0 51 54 4 55 69 0 33 70 46 66 15 0 0 77 98 19 0 49 58 84 0 0 8 11 66 57 0 92 0 0 19 2 0 0 37 51 49 7 0 24 4 75 99 36 65 17 22 45 43 35 22 82 92 0 35 27 84 31 0 48 0 41 4 0 43 58 21 0 24 0 2 40 99 0 40 0 0 0 20 0 55 32 0 19 90 96 7 14 77 89 84 48 52 28 48 0 22 0 16 0 8 44 0 54 65 0 0 42 43 52 0 49 76 49 35 37 44 0 23 0 20 0 69 0 0 0 17 0 90 0 100 88 0 32 21 45 62 29 58 20 44 0 73 5  
0 18 48 36 48 14 73 0 95 92 62 93 16 75 11 0 74 30 54 0 0 21 44 1 33 0 79 24 0 59 40 71 94 0 42 45 93 57 97 30 28 91 56 0 54 43 0 14 0 5 23 51 76 0 50 5 90 9 93 27 48 35 61 74 5 86 88 62 30 0 90 5 77 0 0 69 48 55 7 21 100 73 77 0 0 49 69 98 33 24 61 0 68 94 88 85 43 7 0 30 34 0 0 40 99 62 68 56 11 62 84 16 29 98 71 0 20 17 81 58 0 51 11 29 24 29 0 28 89 9 72 34 53 80 52 10 82 0 88 0 0 41 81 96 60 80 27 69 74 0  
0 93 82 0 96 83 88 0 30 16 68 95 51 89 4 19 32 4 19 86 0 66 83 87 0 5 55 0 84 5 6 0 38 26 93 36 100 0 0 0 51 28 67 4 6 0 55 73 0 9 28 35 0 10 44 0 77 20 18 61 67 52 5 0 3 0 92 96 75 47 21 25 0 42 92 78 0 0 18 0 0 54 34 0 12 0 51 72 34 0 18 62 97 25 7 41 84 47 66 39 0 0 66 0 0 0 98 35 73 0 7 0 62 0 20 87 29 31 10 13 6 0 100 67 3 89 32 52 83 52 94 89 18 19 96 50 40 0 0 13 26 38 65 45 0 0 34 66 0 64  
0 75 51 42 25 94 85 99 67 42 46 21 26 39 61 0 0 5 0 0 92 0 15 94 14 56 30 76 0 15 0 7 1 79 99 0 9 10 23 8 14 0 80 1 0 0 58 0 0 0 59 36 1 15 59 0 23 33 82 66 27 6 15 32 31 71 62 47 86 100 65 0 59 18 0 41 86 1 72 43 99 50 24 100 0 8 3 4 0 52 26 70 37 0 0 80 58 100 78 69 83 93 20 0 16 50 9 19 76 10 42 98 0 50 44 96 0 100 12 0 68 38 0 22 49 20 36 0 0 0 43 14 0 38 90 93 0 79 48 11 71 0 5 54 92 95 71 77 65 93  
0 70 79 0 70 34 18 0 0 0 10 59 42 18 71 9 25 51 0 0 0 83 0 26 0 11 0 67 53 0 0 0 95 36 61 0 55 3 11 85 40 20 37 0 55 89 2 0 67 14 68 9 86 0 8 14 0 0 98 0 0 64 38 50 64 59 23 0 64 0 74 28 96 0 0 48 33 0 57 60 42 0 51 26 73 64 23 43 76 80 0 92 99 84 86 0 0 21 0 0 56 50 31 0 0 0 9 7 72 0 73 100 30 100 0 0 27 74 91 37 0 45 22 47 0 56 50 19 16 56 62 13 53 76 43 46 35 45 88 0 0 70 0 0 34 38 11 17 68 36  
0 0 0 0 21 74 85 18 0 15 3 0 73 58 71 44 9 67 41 82 72 0 27 0 100 38 7 0 92 79 0 0 73 38 51 69 10 0 55 0 0 89 65 68 91 46 0 17 27 77 0 40 14 0 58 0 0 100 78 0 13 53 4 89 17 0 4 0 0 45 47 0 38 89 95 65 18 0 90 0 61 0 31 51 61 37 29 66 0 87 0 4 97 0 85 86 6 0 56 23 54 81 83 97 0 49 98 42 0 0 0 57 2 96 0 50 94 27 16 0 0 0 31 97 65 43 100 0 63 79 94 0 27 32 92 59 0 0 29 61 62 31 1 82 0 16 88 0 63 0  
57 42 46 28 0 93 23 2 63 84 81 2 10 20 88 0 46 61 1 0 0 7 46 55 0 34 0 44 3 0 0 5 85 87 81 57 0 0 0 0 0 15 66 93 3 20 51 47 0 0 80 24 0 0 71 31 0 0 35 94 37 0 36 64 0 0 61 14 90 0 17 62 0 13 76 48 0 61 95 65 89 1 0 60 0 24 0 12 88 0 0 18 5 92 24 48 89 41 0 53 71 72 94 28 0 93 0 14 62 66 100 77 25 0 10 33 64 0 22 40 6 59 95 15 0 85 60 42 78 58 32 46 94 16 72 0 85 16 74 0 74 16 86 40 13 7 73 16 16 7  
78 60 0 4 78 0 35 6 0 71 17 65 81 84 6 0 43 11 0 24 72 46 28 20 0 0 0 88 65 70 56 48 54 12 34 37 35 17 18 83 78 0 82 48 34 53 61 40 0 0 0 26 66 0 87 7 68 19 36 33 0 0 91 0 15 73 0 0 2 0 59 42 3 68 79 19 94 0 21 14 90 89 0 78 57 0 0 82 46 0 0 45 92 13 54 12 47 51 32 33 94 31 18 0 80 97 44 0 89 82 0 55 0 92 24 16 74 99 83 59 42 31 12 83 91 90 38 23 63 62 77 0 0 0 21 16 0 77 89 71 0 0 0 100 99 53 59 55 72 82  
95 0 88 62 50 60 22 0 83 0 47 0 62 5 0 0 61 14 43 10 6 29 74 65 0 41 0 86 28 0 30 0 0 58 0 63 0 0 0 40 0 85 0 92 42 30 23 0 0 0 40 0 97 36 96 0 30 13 52 67 0 0 37 26 0 32 0 0 38 68 18 82 49 23 65 0 0 50 57 14 23 29 12 40 40 17 100 0 0 100 0 0 13 0 68 7 80 78 25 17 3 72 33 97 33 0 75 15 47 57 0 0 65 14 0 99 0 98 35 44 80 0 0 25 0 31 28 0 0 54 4 32 0 99 43 54 13 82 59 43 0 2 5 83 2 100 35 0 35 10  
49 21 0 11 0 0 19 0 0 12 0 0 43 61 16 65 48 14 82 0 22 0 0 28 0 6 0 0 62 0 63 0 3 67 68 46 25 7 0 50 0 84 33 27 0 95 13 54 47 0 77 13 54 30 54 22 0 12 5 34 40 71 91 98 87 43 0 78 22 36 13 0 0 0 0 0 0 0 70 0 3 76 51 56 99 83 0 69 42 0 0 32 69 48 57 0 84 97 73 0 11 21 33 0 94 74 76 34 86 0 96 77 0 87 40 26 0 0 46 5 6 0 7 11 61 75 0 59 0 0 31 0 57 6 23 0 84 56 0 0 23 0 63 50 0 75 17 73 93 54  
0 45 47 0 4 96 5 0 68 37 0 0 74 62 0 0 41 74 64 0 92 50 0 0 58 22 8 7 0 6 23 72 0 83 94 93 8 0 76 0 73 44 3 78 34 0 0 7 8 2 41 0 65 0 28 84 82 76 15 80 22 0 0 0 91 0 85 9 87 53 33 35 0 65 68 0 0 61 0 4 0 20 16 0 0 58 50 0 44 52 0 0 25 12 94 93 8 33 0 0 0 45 34 22 0 68 99 63 87 62 74 0 48 56 83 39 45 20 99 58 0 0 32 60 36 53 36 71 87 15 28 0 0 35 23 82 79 84 61 3 91 14 48 0 89 18 89 0 43 78  
29 48 89 8 38 90 17 33 9 0 0 92 0 4 1 59 0 1 0 59 94 19 32 94 8 8 73 39 0 0 51 47 49 0 60 91 20 0 79 89 31 74 13 79 69 0 0 24 23 100 13 53 7 72 1 0 38 9 73 5 98 61 0 0 74 81 85 0 90 72 96 0 73 0 52 83 48 0 31 0 26 94 3 73 91 0 99 0 25 23 85 14 0 39 0 15 26 3 0 69 44 60 86 14 0 92 18 13 0 54 68 72 0 0 96 0 0 50 14 62 0 0 64 27 88 87 12 0 42 0 76 9 99 39 26 39 0 90 0 25 62 0 22 13 23 22 6 0 49 17  
0 30 48 0 0 33 57 9 0 0 0 18 89 19 0 0 37 17 90 37 77 14 0 2 0 13 0 0 70 0 0 94 0 0 53 0 92 82 72 98 35 71 0 22 76 0 91 0 17 16 0 40 0 69 69 31 35 0 57 0 21 79 23 0 0 51 8 55 5 15 61 73 15 68 73 0 94 32 88 0 33 70 60 2 0 0 93 81 9 2 55 100 0 0 79 52 0 0 85 59 73 22 8 83 8 27 74 0 36 1 29 2 17 0 0 0 62 32 60 67 17 41 38 65 7 53 0 56 4 88 50 95 19 88 10 20 81 26 0 8 40 21 42 100 0 20 14 0 90 80  
0 28 16 0 0 35 31 54 0 81 4 16 0 32 0 20 0 46 7 55 6 77 0 88 26 63 82 92 0 44 68 0 100 80 48 74 25 29 96 34 65 75 64 20 0 17 15 0 77 73 0 14 0 43 0 62 35 0 0 0 0 0 63 17 31 96 53 95 0 21 66 47 23 70 46 48 22 0 69 0 83 0 13 0 37 18 0 9 21 0 0 16 21 0 78 0 58 41 66 32 0 94 97 50 23 97 67 70 11 11 0 87 41 100 11 11 36 32 59 34 81 0 43 0 0 99 71 76 0 44 2 77 0 17 0 0 61 0 88 42 35 44 0 81 7 41 0 49 16 91  
0 14 59 69 29 68 46 25 38 8 79 3 48 96 100 1 72 51 52 24 0 0 0 24 0 52 44 17 34 54 16 64 0 0 0 79 9 62 49 24 0 13 44 7 0 24 86 12 0 26 30 80 58 0 0 4 0 83 0 37 4 0 18 2 0 41 47 90 12 28 15 6 91 65 21 10 31 97 0 93 43 76 0 61 0 0 69 65 0 76 92 46 34 0 3 52 12 0 0 44 70 0 0 7 29 99 0 23 0 60 85 38 0 80 0 0 97 0 0 61 48 57 22 68 53 48 53 0 54 90 27 2 81 71 48 0 72 83 95 26 0 7 0 12 0 87 63 56 0 64  
53 0 13 66 86 93 44 61 52 2 100 78 75 63 0 7 86 57 98 31 28 85 34 4 0 61 69 0 86 46 71 88 0 0 56 20 9 8 70 22 0 42 34 35 88 55 92 66 17 0 67 3 0 0 39 29 96 17 0 0 63 0 0 69 0 19 0 0 69 0 41 0 21 41 0 99 10 84 79 72 0 0 70 81 14 0 96 0 50 0 9 92 18 98 40 34 3 47 0 51 80 67 34 12 0 11 97 0 61 55 48 82 28 49 0 45 46 65 0 0 26 91 55 27 0 88 9 9 4 50 0 19 7 29 74 56 99 77 22 17 37 13 18 0 23 6 95 9 70 0  
0 93 3 55 96 0 74 81 48 82 89 27 51 79 85 26 48 58 61 35 63 81 95 51 51 51 24 26 65 0 28 69 25 51 0 48 0 16 0 51 0 96 21 0 0 4 40 0 35 0 39 87 76 84 54 64 0 34 21 8 2 99 96 54 1 81 21 14 14 19 0 91 80 4 0 0 54 0 78 17 0 34 40 0 92 71 0 55 51 73 39 84 31 100 98 43 7 56 17 30 86 0 28 12 80 39 80 0 21 52 0 60 0 5 4 77 83 0 18 39 73 0 0 85 76 88 41 5 0 0 25 30 97 93 42 96 0 38 88 68 52 6 0 53 0 0 59 95 70 50  
0 46 61 0 51 0 49 0 54 60 91 27 0 66 0 74 10 75 68 11 14 54 49 62 0 0 81 15 79 0 77 74 0 54 0 0 81 32 56 0 20 24 56 7 79 0 74 11 0 0 0 33 41 34 31 85 65 0 46 0 46 32 77 0 13 0 71 61 25 96 70 76 0 58 0 82 0 70 6 5 30 69 28 92 97 44 11 0 66 68 35 71 0 44 38 95 16 52 0 83 46 80 51 12 48 67 0 61 96 0 51 62 94 38 85 0 56 82 0 0 61 56 69 56 0 60 15 0 81 37 0 0 98 77 0 77 91 44 37 0 77 20 9 81 0 0 73 22 79 87  
0 0 90 97 0 40 61 0 0 77 0 9 30 93 37 24 86 0 0 80 91 64 48 5 100 0 66 0 65 13 92 83 0 14 85 93 0 18 54 39 34 32 0 65 86 86 72 43 0 0 0 7 0 0 20 0 56 45 0 0 94 0 53 0 19 56 87 56 89 47 79 0 29 0 65 0 0 80 89 46 58 100 71 67 33 90 34 81 94 50 27 90 0 75 5 6 0 0 71 48 58 33 0 54 52 0 25 26 0 22 15 91 32 63 90 0 57 17 97 14 0 3 24 34 54 30 0 74 22 55 8 17 3 19 92 68 49 84 47 48 6 79 0 0 0 65 90 0 42 5  
42 80 2 90 86 55 0 40 0 83 44 48 13 0 27 38 87 55 44 56 72 43 90 44 96 51 24 0 92 81 83 51 55 81 90 63 70 0 45 94 80 27 57 98 98 0 75 0 32 6 2 27 52 33 0 0 0 65 22 29 92 43 82 78 0 45 55 55 9 50 74 90 70 72 62 47 0 37 30 28 0 73 61 0 84 64 0 54 91 0 49 89 18 11 0 0 71 0 28 0 28 87 0 31 0 98 65 25 91 9 82 72 0 97 78 45 80 58 64 56 30 72 40 43 92 0 15 44 39 91 20 20 33 17 0 0 21 11 96 8 80 40 89 0 0 46 95 36 0 74  
82 0 36 0 0 76 94 0 16 5 0 0 0 66 100 85 0 76 86 0 56 14 6 72 10 83 77 6 0 81 58 11 79 85 47 5 0 0 0 0 44 87 98 0 0 55 33 16 92 76 0 33 3 92 20 67 0 0 0 69 0 38 58 14 73 16 26 30 62 0 0 0 0 28 82 65 0 0 19 0 23 61 78 51 0 0 3 0 14 91 77 0 25 46 76 30 20 83 21 4 78 42 2 81 56 25 0 46 0 7 51 37 53 0 6 82 0 0 70 74 0 42 0 0 76 0 13 63 12 59 15 71 29 54 0 45 0 81 97 36 73 82 78 32 90 100 29 0 0 63  
28 31 88 86 80 54 39 7 0 37 40 0 66 67 100 0 73 100 29 49 76 0 0 23 56 63 57 14 65 44 83 48 53 56 0 13 0 97 18 0 72 0 42 63 7 49 11 96 27 38 22 90 0 36 5 47 52 45 0 28 0 80 0 28 40 10 0 86 0 0 48 0 0 25 62 36 14 0 53 0 4 6 0 49 68 19 26 94 63 0 60 0 51 2 34 23 39 18 0 44 73 90 20 55 0 6 15 56 23 1 13 0 44 0 42 67 91 47 16 60 47 17 0 79 0 5 0 0 39 13 51 0 17 86 87 0 34 0 33 70 80 62 5 24 0 40 0 56 58 92  
54 47 89 0 32 9 43 23 0 85 99 4 0 34 0 39 96 94 0 5 94 91 41 39 86 59 16 2 0 0 35 79 0 54 38 12 57 68 73 86 0 47 0 38 43 90 0 90 52 5 0 21 71 52 0 95 73 38 0 0 28 57 96 22 0 40 37 44 20 21 75 2 0 43 73 43 0 43 71 83 0 0 32 0 29 29 74 12 27 0 4 22 56 83 0 29 98 32 40 5 0 95 44 0 94 85 0 19 71 100 0 44 0 49 0 0 33 57 9 0 12 92 57 0 92 77 62 0 34 80 0 0 0 0 41 73 9 46 0 51 79 89 16 17 72 85 79 0 35 96  
0 23 77 0 62 0 61 0 86 0 0 89 90 80 9 71 0 99 13 3 85 0 0 77 50 0 27 99 0 0 9 42 90 76 87 6 51 0 75 5 70 0 31 15 5 0 62 21 75 21 92 92 86 23 0 0 89 60 0 87 27 0 29 46 31 69 0 0 34 0 48 87 53 79 23 4 22 9 0 0 51 79 43 0 45 0 46 7 40 95 12 0 81 10 0 0 0 98 94 0 0 0 99 0 25 24 0 77 0 98 0 0 79 45 48 98 0 0 19 65 29 0 87 0 41 33 0 99 7 28 7 87 0 45 3 82 36 87 36 53 0 80 0 62 0 91 35 69 0 76  
100 97 26 91 0 47 91 0 46 62 43 54 0 57 95 0 0 32 0 5 25 0 82 0 52 10 79 0 29 24 63 58 0 74 56 0 95 92 5 0 0 58 0 9 0 0 0 26 45 88 0 91 40 64 79 43 89 0 63 0 0 0 20 0 0 0 0 99 5 0 54 0 31 62 68 4 86 44 11 34 34 20 38 0 16 3 47 38 32 66 0 39 6 50 5 17 50 35 82 47 84 37 16 0 0 44 5 0 84 14 78 56 0 74 37 17 0 29 13 59 57 3 12 76 64 77 29 0 13 13 45 96 0 32 0 0 0 0 51 16 34 0 0 42 56 30 99 61 6 0  
0 94 17 10 23 73 19 0 63 50 50 39 63 17 4 93 69 0 0 0 44 0 4 9 4 37 0 17 49 54 40 46 0 0 9 43 48 87 89 77 40 97 56 0 49 45 0 96 58 66 41 98 55 33 0 21 69 56 64 33 6 10 78 74 77 65 0 28 0 0 72 0 54 0 50 50 52 7 58 56 76 81 41 90 86 24 61 33 78 0 83 0 53 19 32 54 44 0 49 91 0 0 15 91 9 0 75 11 0 37 37 44 12 72 0 0 0 0 95 77 95 0 29 84 47 0 91 81 49 0 0 24 86 0 6 39 40 51 0 18 89 0 51 0 44 56 61 9 55 0  
0 23 0 0 0 33 43 55 29 12 76 30 5 41 16 18 40 3 90 66 0 64 50 12 0 55 65 0 37 0 93 74 64 13 43 0 21 89 0 52 0 49 21 76 0 90 0 47 72 0 2 77 94 0 84 62 0 0 0 33 0 0 35 11 7 23 33 66 0 51 25 91 27 96 34 0 82 46 80 35 77 49 0 0 76 0 0 0 0 48 85 85 29 100 0 94 33 0 91 64 39 59 47 27 37 26 69 5 48 93 9 89 91 71 0 51 33 6 96 45 58 0 16 70 2 76 13 47 95 70 98 4 5 59 51 86 0 0 0 0 0 0 0 56 0 0 35 0 22 10  
28 32 26 6 0 67 40 52 41 32 95 0 26 25 0 67 80 95 0 9 18 39 70 0 0 16 0 38 58 0 1 91 1 0 83 49 30 0 11 0 0 73 0 0 0 0 58 39 0 74 63 14 42 89 53 6 15 61 0 0 0 70 66 12 95 0 65 0 73 41 30 97 39 0 0 26 0 37 49 95 1 0 72 64 93 95 20 48 0 58 85 28 8 37 0 0 44 50 0 27 96 70 46 82 0 33 39 79 0 50 65 0 60 0 90 5 3 0 0 56 85 0 40 7 0 64 74 64 68 14 23 0 46 89 0 7 0 0 70 0 13 13 30 100 14 0 38 0 0 11  
0 33 0 0 85 64 87 18 99 0 25 9 0 75 30 0 38 96 0 66 69 11 0 84 95 85 9 98 38 19 16 5 44 13 39 100 10 91 0 94 58 30 0 21 100 39 0 36 0 0 0 0 30 77 67 76 36 0 74 86 0 95 11 61 42 22 41 6 0 93 8 19 73 35 90 0 0 96 33 30 91 68 66 0 85 0 43 47 89 60 66 25 0 0 0 58 0 0 11 8 29 40 89 83 35 54 86 31 95 3 17 59 52 53 0 35 58 91 96 36 0 0 93 10 81 35 2 68 24 99 24 14 0 62 25 0 65 59 37 95 0 0 94 0 79 23 0 56 5 5  
24 0 4 66 0 13 0 75 79 0 76 73 48 66 7 71 14 33 0 28 49 37 68 74 0 26 5 73 0 27 71 97 55 85 79 22 0 72 14 0 40 0 66 65 18 39 31 0 43 10 30 78 47 4 97 73 0 22 11 24 30 0 0 53 86 90 0 7 0 62 81 3 67 0 76 0 0 86 72 71 69 18 27 0 31 22 88 0 100 84 54 15 7 0 0 4 94 68 72 0 0 3 0 7 59 87 41 16 28 21 71 0 45 52 32 31 83 0 54 54 32 86 89 39 0 18 0 69 0 0 0 36 32 18 21 29 33 12 63 97 29 0 66 27 93 0 0 37 28 0  
79 55 20 20 85 0 0 0 66 0 18 0 93 0 68 75 68 0 29 96 69 42 49 0 36 81 60 19 25 46 0 60 82 57 47 42 0 88 60 35 3 86 74 38 0 57 21 15 0 96 33 62 76 25 0 95 44 96 18 65 22 7 0 56 3 91 20 3 89 99 9 0 29 84 0 53 42 93 17 0 19 53 0 0 73 41 71 0 84 71 0 43 0 97 100 100 65 50 50 35 77 0 15 0 57 0 86 41 21 82 32 92 53 4 0 0 81 97 33 0 0 100 14 0 32 4 0 14 84 6 33 87 60 97 24 77 15 39 0 0 58 65 0 12 0 85 4 76 71 11  
88 64 73 9 44 0 84 16 0 79 51 76 25 13 84 90 57 0 0 17 45 0 63 0 0 0 0 0 23 35 91 32 8 15 20 67 0 0 96 6 70 40 99 99 79 82 94 55 96 0 0 91 63 27 33 13 0 58 0 21 53 79 34 65 79 0 1 53 67 0 59 58 36 0 2 30 85 0 64 10 0 74 6 38 55 13 56 65 86 89 42 31 0 99 53 0 62 25 6 21 31 25 11 32 0 44 24 91 0 20 98 29 91 0 20 18 24 0 0 48 83 31 95 27 48 49 12 0 94 54 0 4 0 27 61 0 96 31 89 0 0 99 57 81 9 53 82 0 80 0  
47 0 89 42 96 0 32 31 65 57 74 5 0 43 17 15 0 95 0 0 0 51 66 0 81 0 46 96 33 0 0 6 40 70 20 0 76 80 0 0 6 68 74 73 42 33 74 26 0 48 0 83 94 0 5 90 1 10 0 98 25 2 26 27 3 56 82 54 3 84 94 0 64 0 57 22 39 88 0 11 61 63 0 48 2 38 10 85 13 76 7 94 0 9 50 0 0 7 95 78 9 88 0 67 78 34 74 12 7 0 2 0 32 16 45 10 0 98 87 0 0 79 88 0 35 0 26 27 0 85 38 39 14 64 79 77 0 0 67 7 17 42 15 0 8 53 61 10 9 0  
30 25 67 21 0 65 52 86 85 27 18 14 18 21 0 94 0 32 52 2 15 35 10 48 30 90 0 67 50 0 50 25 99 18 14 0 0 0 71 91 3 1 0 61 72 96 71 0 91 95 0 0 0 0 0 42 0 92 49 0 45 19 95 100 86 88 58 81 0 12 0 57 91 16 16 96 0 12 36 50 84 7 0 98 21 75 0 19 56 10 17 0 70 59 0 0 39 51 0 0 0 0 56 64 26 95 0 13 23 59 88 25 69 63 76 0 33 0 0 1 9 84 0 47 8 0 4 0 85 40 4 59 0 0 0 0 92 0 29 13 0 0 94 35 61 51 5 15 53 40  
94 64 58 45 1 78 11 71 59 0 79 13 0 98 64 84 36 6 75 61 100 42 66 2 55 0 0 23 0 6 69 0 5 41 14 73 0 0 95 0 66 0 47 0 0 58 0 91 42 79 17 73 0 43 0 24 90 88 94 88 25 34 9 47 0 0 27 87 0 2 22 55 2 0 77 61 0 43 74 97 0 47 34 52 51 83 69 39 0 93 98 15 37 56 49 62 35 0 94 0 0 98 51 79 46 0 0 20 16 97 86 32 0 46 26 0 0 82 0 0 0 0 28 0 76 55 0 14 0 0 0 88 52 54 18 100 0 11 0 0 92 39 75 89 79 10 27 7 51 22  
68 19 7 41 0 56 71 0 74 43 0 92 10 97 81 51 0 5 71 27 50 31 21 34 14 84 1 77 37 3 0 68 82 14 6 46 0 17 79 80 78 22 87 0 0 44 26 0 5 66 86 0 55 0 46 91 57 85 80 18 43 78 70 1 93 9 53 50 47 49 95 53 28 70 36 93 20 3 0 9 0 64 33 52 44 0 7 94 79 0 0 70 21 0 47 0 77 0 0 34 32 79 39 0 42 23 0 0 48 74 0 48 64 0 78 58 83 0 0 84 78 52 41 98 0 19 0 76 25 26 51 62 0 16 25 80 33 67 100 11 49 3 17 72 67 7 21 81 16 82  
0 36 39 68 97 62 92 14 98 74 0 57 0 56 55 80 0 85 18 37 93 0 39 0 10 29 84 79 68 85 67 25 78 4 44 11 0 10 68 75 31 2 55 49 0 86 0 57 54 0 47 39 88 25 0 1 94 41 73 93 0 70 0 30 57 42 8 79 24 57 93 6 76 72 67 0 25 43 6 17 93 0 26 0 0 0 57 75 0 60 56 93 14 20 18 0 0 88 9 30 0 62 49 80 37 10 66 9 66 31 27 0 80 7 0 71 0 9 76 100 0 0 0 0 89 15 36 97 23 32 29 0 72 57 70 0 99 30 27 37 24 29 0 0 9 0 61 78 30 40  
44 5 98 65 0 27 25 61 70 0 22 10 45 28 20 22 76 37 93 39 22 0 100 54 64 0 0 19 81 0 88 88 66 16 26 0 12 14 0 63 13 89 92 33 77 41 78 0 0 44 99 5 39 53 60 0 38 27 70 86 31 98 71 64 77 10 0 45 14 0 90 0 87 0 49 40 44 20 24 81 45 71 0 75 91 50 90 49 7 0 79 0 0 0 25 34 78 7 0 16 26 0 84 0 0 78 0 0 30 35 49 0 97 69 0 20 92 0 41 53 43 63 10 33 7 20 43 91 23 81 0 6 83 12 0 0 71 0 92 87 93 0 93 0 48 68 60 52 0 0  
91 81 11 62 89 6 11 89 87 0 59 38 3 63 53 0 38 96 0 62 12 29 52 53 70 80 0 58 0 43 21 35 100 0 15 0 89 0 73 1 99 64 37 92 35 84 3 0 96 0 0 37 0 10 66 76 0 0 10 84 0 0 63 25 38 22 0 10 15 91 4 0 20 0 77 0 1 0 0 8 28 7 82 38 13 29 0 0 0 0 0 92 62 31 81 21 23 4 32 22 49 75 0 78 46 64 30 96 91 0 74 0 92 81 0 0 2 80 0 0 0 0 78 77 83 75 0 45 13 0 24 0 64 55 3 25 44 46 0 55 84 0 4 0 0 13 0 0 0 60  
54 70 0 65 0 80 0 37 21 3 70 41 0 19 0 46 64 21 14 61 65 15 39 85 48 98 0 0 30 29 61 0 10 18 27 92 0 82 0 80 94 95 46 92 59 45 100 13 42 0 0 0 47 29 0 54 0 0 9 58 67 26 65 49 0 17 21 83 0 93 69 45 90 0 77 14 0 45 0 59 0 83 15 100 0 19 0 84 0 2 69 56 21 54 0 73 0 47 0 98 91 54 21 82 99 4 0 17 81 52 0 65 91 53 18 15 38 66 0 46 0 0 24 60 0 41 48 0 0 0 28 32 45 30 37 0 0 0 8 16 0 27 0 62 77 67 0 61 51 18  
0 72 34 0 32 9 29 25 3 92 38 0 68 1 46 37 0 75 29 40 80 0 51 27 18 37 19 0 78 43 51 0 90 50 22 2 35 11 31 15 0 57 12 0 46 7 100 53 16 13 72 16 76 93 2 26 57 0 0 16 0 0 50 0 0 99 40 79 55 50 88 83 0 15 100 0 49 16 57 44 28 80 0 83 54 74 8 94 0 69 0 3 77 52 4 0 69 29 65 28 40 0 0 0 0 17 17 75 63 0 0 23 28 46 91 1 48 62 28 43 16 52 7 85 96 81 92 40 75 0 0 44 58 49 0 52 27 100 74 7 70 95 79 94 31 39 25 43 0 32  
70 72 0 0 49 70 0 58 35 0 0 97 0 64 92 0 29 92 67 23 28 41 0 32 30 15 26 58 90 83 36 9 62 16 16 14 0 56 0 0 43 3 22 56 6 26 83 2 34 34 75 5 57 11 8 2 0 6 43 0 2 63 15 0 60 1 99 0 0 36 67 84 58 0 35 96 76 0 27 48 4 76 0 80 0 69 87 0 61 93 64 28 95 26 68 28 65 96 51 78 51 92 28 0 0 0 0 3 0 78 0 40 95 66 24 0 52 0 0 3 48 51 29 0 77 56 91 0 50 0 81 98 96 21 0 13 37 1 72 25 84 13 55 87 0 0 26 13 81 0  
0 60 89 45 72 11 78 54 27 11 0 85 11 6 0 0 0 28 71 0 51 67 29 31 20 49 59 78 80 26 66 18 97 45 20 57 40 33 22 54 73 70 100 58 0 99 6 5 0 0 83 82 0 0 94 70 92 79 25 7 0 25 0 61 29 0 59 28 24 0 16 62 0 4 30 20 7 18 0 79 0 41 7 0 7 18 0 32 0 59 50 36 0 33 0 83 89 52 45 88 15 1 77 85 9 30 39 6 23 18 3 0 85 95 24 91 33 88 0 0 60 60 48 0 2 58 36 74 11 54 30 16 73 43 69 60 0 28 51 56 61 0 0 100 79 59 81 6 21 48  
0 51 58 64 18 71 11 0 0 80 0 20 0 9 0 42 88 47 87 0 39 0 73 0 93 0 44 13 54 0 0 52 62 73 40 10 26 66 92 95 1 11 49 91 18 52 24 32 0 0 23 93 100 88 86 97 38 94 0 0 0 0 11 54 0 0 16 0 0 92 22 63 22 0 0 0 24 66 8 60 0 34 12 62 6 97 68 37 0 52 100 38 0 64 0 20 0 67 33 14 0 0 79 13 15 88 71 70 83 59 0 0 31 69 0 85 0 18 13 54 13 24 0 0 89 88 24 31 63 0 53 0 89 0 0 7 0 51 14 0 0 36 0 52 65 20 0 25 0 35  
87 0 42 89 51 61 0 18 0 91 35 98 0 27 76 54 80 0 72 21 16 19 48 0 0 42 0 0 23 0 0 7 30 31 34 10 21 0 48 97 4 62 18 63 78 35 54 77 0 0 0 62 15 69 5 0 98 19 4 0 26 20 0 26 18 28 0 68 20 2 0 51 64 0 93 0 88 78 0 61 0 71 47 36 77 0 6 43 99 0 16 34 92 12 0 0 0 20 7 0 68 89 45 9 14 31 68 2 49 65 32 12 90 0 54 2 100 17 49 0 0 0 21 0 0 0 43 13 11 53 0 18 96 34 70 80 20 45 0 9 0 78 44 0 0 79 54 88 82 19  
8 57 3 38 2 94 58 87 58 77 0 1 57 5 75 17 54 3 96 40 0 53 9 47 38 0 81 83 97 65 65 0 71 0 97 44 39 0 93 34 88 0 48 22 0 79 18 0 0 60 72 1 83 26 0 6 0 32 74 7 24 0 0 0 37 0 34 70 74 58 18 87 35 62 27 92 0 41 0 48 25 37 0 0 80 0 2 10 57 100 98 94 72 24 64 85 72 88 62 0 6 63 73 0 44 17 0 28 4 0 49 0 60 20 45 55 20 72 12 0 9 13 0 46 70 55 0 25 0 24 12 0 78 18 47 36 25 0 62 0 47 40 18 83 0 63 34 18 9 0  
25 85 0 93 95 46 0 1 52 67 44 5 12 0 12 5 0 87 0 0 65 98 0 0 0 91 27 0 95 46 0 18 43 5 19 9 23 18 0 2 0 63 77 84 14 8 0 72 73 5 63 0 81 57 71 0 42 0 22 98 38 72 62 2 0 0 0 4 4 88 3 51 56 71 14 66 93 92 0 0 41 50 19 25 50 87 70 96 58 0 0 82 0 50 12 100 86 0 96 0 95 88 34 0 7 21 98 82 65 0 56 0 100 9 30 0 25 61 20 43 20 51 82 98 93 0 17 19 0 87 22 57 52 0 0 18 40 0 0 40 0 99 15 67 52 49 67 7 0 95  
95 0 29 21 0 85 18 65 0 26 0 59 19 0 0 0 0 32 70 0 0 70 0 46 6 81 0 79 75 60 72 64 0 50 97 88 76 99 9 0 0 15 30 32 0 63 52 100 35 36 0 0 65 0 0 0 37 75 92 0 12 0 0 66 0 0 18 11 79 0 6 93 16 0 25 27 28 34 24 0 0 6 4 18 23 0 8 0 68 54 95 0 5 55 93 17 38 0 56 85 91 0 25 2 60 0 47 0 87 86 0 34 53 0 32 18 26 80 91 17 0 34 0 44 47 0 7 92 71 3 37 91 22 13 85 33 0 39 35 0 29 66 83 0 62 0 0 0 34 47  
18 78 23 74 50 0 83 54 0 93 80 2 43 0 60 77 0 0 37 55 0 0 58 0 31 78 0 96 0 23 5 0 74 42 0 17 0 0 23 0 0 87 21 75 0 53 96 20 69 35 5 100 24 96 45 2 94 0 0 87 6 0 0 11 31 72 0 79 48 26 0 14 0 83 70 0 30 0 16 75 35 0 44 43 0 95 0 0 37 96 13 17 0 0 27 91 54 45 16 32 0 53 61 40 0 45 84 69 62 75 83 58 28 60 6 0 0 0 28 0 0 7 0 22 55 10 62 0 46 0 93 0 79 10 89 58 26 50 88 0 0 0 37 68 92 43 64 0 0 18  
58 0 7 68 19 0 0 12 77 0 56 0 0 45 64 0 21 19 38 60 0 50 10 24 5 1 42 5 76 0 71 5 11 3 19 91 0 60 57 0 0 28 43 25 34 85 89 42 0 10 34 0 0 21 0 0 42 15 10 29 0 76 11 0 0 2 0 0 0 76 3 72 98 0 31 49 0 40 48 89 0 22 89 19 91 33 10 4 29 92 43 0 18 0 0 79 11 72 0 95 60 0 78 0 0 91 29 66 79 0 0 68 34 16 19 7 57 0 34 83 0 56 0 0 55 33 52 13 39 27 42 5 3 24 0 0 98 0 7 0 25 99 36 11 58 23 50 0 92 9  
50 5 22 26 56 20 69 0 10 16 0 33 40 0 73 83 27 0 46 36 77 17 0 63 1 72 31 19 0 7 73 8 0 81 4 37 62 0 0 21 0 32 23 65 0 17 87 0 44 21 61 0 71 47 26 0 61 63 38 64 67 41 0 91 98 58 0 70 0 58 29 0 67 0 79 97 73 65 45 88 65 37 10 0 41 0 51 75 46 18 0 0 97 0 92 0 57 66 66 0 0 0 0 28 33 96 1 72 95 51 88 32 0 97 78 29 93 77 9 80 78 83 85 38 87 80 68 69 0 90 79 52 91 3 90 55 88 58 57 100 36 38 75 74 80 56 94 38 76 7  
61 28 0 0 37 45 97 0 58 2 69 66 63 0 0 81 65 87 72 39 77 57 58 96 0 27 0 73 23 78 92 0 55 57 2 30 0 0 21 0 0 32 66 31 20 7 0 0 41 2 6 17 81 0 65 51 94 24 0 29 0 69 10 25 42 0 16 0 77 0 68 95 0 66 38 0 33 0 99 21 91 19 98 0 72 84 42 0 46 54 17 60 0 0 0 36 52 95 3 53 12 5 63 79 9 53 33 87 93 82 0 0 77 45 0 0 0 8 1 44 38 72 21 0 0 74 0 69 37 77 0 48 54 0 100 54 95 91 53 0 80 76 23 92 0 0 4 0 0 0  
81 0 0 29 20 0 31 33 12 22 71 65 48 62 0 6 0 42 0 28 9 87 70 59 5 36 96 69 0 90 77 88 97 56 0 36 97 0 98 70 93 93 23 31 75 0 0 5 19 5 0 99 74 49 28 30 96 85 79 72 24 0 5 5 72 0 55 0 8 79 0 0 0 0 99 12 93 64 33 50 48 9 33 93 0 74 0 92 19 69 88 82 0 96 47 6 13 33 0 0 0 95 56 100 86 99 0 53 31 20 1 75 22 41 29 98 55 95 4 0 0 98 60 4 36 93 48 97 12 52 0 26 63 0 75 3 92 80 0 7 34 22 1 0 0 44 0 93 60 0  
66 2 32 14 0 98 54 0 61 0 49 25 0 80 2 0 95 54 0 0 76 19 29 14 83 33 34 14 86 49 0 45 17 81 0 16 0 0 9 65 0 91 63 0 54 84 66 37 0 2 9 0 0 40 9 61 50 89 56 50 6 56 0 42 87 94 68 89 77 23 32 0 0 8 95 53 53 0 0 23 52 0 0 1 6 85 0 81 63 25 1 46 90 63 31 83 94 12 93 69 44 44 0 31 77 68 28 64 6 0 18 57 0 0 84 61 36 63 72 8 0 0 94 0 0 44 74 20 47 28 70 0 78 0 95 98 37 7 7 0 95 86 87 0 55 51 69 33 71 68  
62 0 23 48 90 0 61 80 0 0 49 67 96 90 97 53 64 24 0 68 65 0 0 0 97 0 87 6 61 1 0 0 0 0 88 8 51 7 0 83 26 0 65 86 22 0 12 0 12 30 39 65 15 0 56 84 22 52 65 36 61 100 74 70 36 38 8 80 37 0 83 88 0 15 81 55 71 87 50 37 45 80 1 23 0 66 9 0 0 0 46 0 0 90 84 0 9 83 84 84 0 48 18 0 0 0 0 0 20 65 56 35 0 16 0 0 80 38 51 48 0 0 8 2 40 0 0 77 52 0 47 37 96 74 0 43 0 0 0 42 14 66 77 78 0 86 30 63 0 61  
12 0 21 67 0 24 23 2 47 10 0 64 97 32 64 51 2 3 88 15 40 96 41 7 0 14 90 14 80 15 61 49 91 76 9 65 10 0 3 0 70 84 100 36 63 48 0 0 91 15 0 24 0 69 44 46 0 0 90 48 0 12 34 50 63 0 72 0 95 72 88 85 0 0 22 25 80 15 0 88 0 98 27 82 57 46 52 28 10 14 32 0 0 34 0 48 92 64 84 67 46 65 24 69 77 86 12 4 43 75 82 0 0 90 11 48 21 0 0 16 48 15 14 25 35 83 22 64 14 44 67 15 82 0 90 13 62 60 26 31 66 22 0 0 73 100 66 27 79 0  
0 67 17 89 57 97 72 0 11 95 39 39 0 12 0 11 48 0 57 56 64 1 99 0 36 80 52 37 95 37 13 44 51 54 61 0 35 0 0 0 0 79 20 40 1 4 54 25 40 57 12 0 63 59 92 64 0 100 97 0 100 23 70 0 61 39 79 28 90 42 0 82 5 91 0 82 98 51 43 0 46 59 63 0 81 47 0 0 31 50 8 1 0 85 0 0 0 88 48 13 18 0 59 0 30 0 0 52 0 0 63 41 39 43 60 84 95 38 2 0 64 95 77 0 52 76 33 0 72 9 71 52 6 0 0 0 77 49 35 0 0 54 0 0 20 93 0 0 0 0  
0 51 79 4 84 77 91 45 39 70 61 0 66 95 48 98 37 88 11 83 0 2 79 69 0 21 27 49 39 55 19 0 58 22 26 58 0 4 0 27 5 3 19 0 100 93 71 22 42 83 98 0 0 0 16 43 23 77 51 40 99 57 56 6 94 65 0 60 70 74 55 89 99 55 89 0 15 75 74 43 0 65 13 15 29 86 0 99 96 0 63 56 0 0 63 0 18 6 11 0 57 9 0 0 0 84 59 67 0 31 6 10 84 0 20 0 30 0 0 49 52 91 96 0 75 0 0 77 88 7 77 45 0 66 82 45 0 0 66 55 15 6 0 0 82 93 0 85 4 27  
35 38 44 97 56 0 66 0 13 38 100 62 0 0 0 0 0 0 0 62 0 38 79 32 86 95 0 99 0 0 0 56 12 0 0 0 19 75 3 3 18 0 0 64 0 18 71 8 0 70 52 19 48 0 12 12 0 31 77 2 80 0 15 32 0 100 15 42 89 6 16 47 75 3 94 70 0 18 99 0 77 0 70 0 0 32 0 47 2 1 0 69 83 66 81 88 89 90 5 0 71 4 39 0 61 0 44 0 0 0 5 71 18 82 91 1 45 95 53 0 53 0 85 52 89 84 23 0 29 0 86 0 0 98 73 0 56 51 0 73 0 47 42 79 8 38 16 53 87 56  
90 26 0 32 0 54 78 11 74 0 42 82 32 34 0 31 39 68 15 20 0 34 39 70 63 41 77 62 61 0 79 0 0 43 0 88 55 29 67 0 94 38 81 25 23 90 0 59 77 0 76 25 0 7 34 9 0 0 64 0 0 59 0 0 9 37 33 0 0 81 0 54 43 0 0 92 75 0 4 36 10 0 3 67 4 95 71 4 0 0 52 0 63 50 8 64 70 10 10 36 0 42 82 55 0 0 53 0 48 67 27 0 45 0 0 21 25 98 67 0 40 89 60 3 28 36 8 0 94 0 4 31 36 27 0 47 23 55 59 56 95 28 0 0 0 78 98 36 62 0  
15 0 95 56 60 96 61 100 0 67 30 97 66 0 29 24 0 0 0 5 0 41 72 57 89 74 30 46 7 0 65 0 68 11 0 75 0 91 24 49 0 38 0 92 100 75 30 84 4 25 66 54 64 71 0 43 0 48 14 23 55 21 78 46 39 4 87 88 10 87 51 0 25 96 53 93 0 83 0 37 54 52 50 32 89 83 0 7 54 53 59 0 30 34 21 0 1 0 16 11 70 52 44 68 15 80 29 0 59 70 0 44 97 0 80 0 49 56 88 33 0 19 38 0 0 10 7 95 1 31 50 86 17 43 65 36 16 47 36 82 42 0 0 12 100 2 39 0 42 38  
0 71 91 0 81 10 47 31 23 0 0 0 50 0 55 40 3 93 72 1 88 13 43 97 47 0 9 0 0 63 32 93 26 29 29 8 8 25 61 68 90 64 98 36 99 67 37 12 16 49 0 0 0 80 27 86 84 66 0 0 97 75 8 43 0 71 75 89 1 21 0 5 0 8 59 92 63 30 0 0 100 5 43 89 56 23 67 99 86 0 24 48 77 52 0 90 71 46 0 12 37 97 2 0 76 0 0 0 0 67 41 70 77 59 6 75 0 58 72 2 0 0 50 93 0 0 89 0 88 0 29 86 0 0 0 46 0 87 68 13 32 0 0 0 0 50 6 5 0 46  
86 1 68 0 78 0 0 27 93 67 4 0 71 0 0 32 18 26 7 0 5 48 92 0 9 44 89 0 0 27 0 0 8 52 0 70 0 4 17 97 0 94 71 61 39 38 90 0 0 1 22 84 8 0 34 91 46 0 100 33 81 18 0 0 32 73 15 43 0 44 0 76 68 86 0 93 0 25 0 55 0 53 40 0 25 67 54 95 38 44 79 73 35 20 99 35 22 0 52 66 90 63 0 24 27 0 24 0 12 31 20 0 40 66 0 99 23 77 0 28 90 2 50 9 16 91 0 0 0 96 73 0 0 13 82 34 38 42 62 0 99 64 45 35 22 23 9 0 0 43  
6 18 0 0 53 0 10 6 78 49 48 61 0 10 0 0 98 48 99 48 0 40 0 70 50 20 45 13 0 85 24 11 32 7 0 83 0 90 33 3 0 72 96 96 0 53 87 67 65 65 4 2 48 47 100 63 19 0 28 66 81 43 54 0 50 72 27 48 0 77 72 42 12 32 28 0 24 0 85 26 0 0 54 0 60 99 54 52 0 66 24 25 0 0 51 91 79 90 98 7 29 86 76 36 71 97 67 0 0 0 0 0 13 28 97 37 50 27 0 42 54 86 44 4 0 3 29 13 92 89 35 48 0 89 36 87 83 75 0 19 0 12 38 0 48 0 53 0 24 37  
12 81 0 91 100 2 13 90 75 31 91 75 87 93 0 76 84 31 65 0 0 6 8 0 53 37 6 22 0 0 46 10 65 60 85 78 90 39 0 67 87 99 27 64 0 22 41 74 16 0 0 38 11 0 88 0 83 61 85 0 9 21 46 0 12 48 30 52 49 25 0 0 49 0 0 86 4 20 62 91 0 95 0 0 36 18 58 28 43 17 64 7 39 25 64 60 87 34 81 56 34 0 77 0 86 47 2 27 53 50 0 3 7 0 50 68 0 0 59 10 48 76 0 46 0 88 97 13 13 89 0 0 0 67 0 55 34 0 0 99 40 12 91 97 48 57 0 36 98 0  
0 1 85 74 83 63 96 2 64 78 38 52 0 48 75 45 5 80 49 7 0 13 94 73 88 87 34 5 0 83 24 39 31 91 81 3 71 74 0 64 15 46 89 0 46 67 42 3 42 0 96 92 33 57 64 44 25 0 39 0 28 50 0 15 75 42 25 0 28 53 88 4 0 19 65 4 39 30 80 0 70 0 25 0 71 61 24 0 63 0 5 16 0 44 70 56 65 0 31 6 61 85 30 54 3 43 44 33 88 49 0 0 0 42 0 0 0 0 0 0 2 0 51 67 75 43 42 43 19 0 0 21 71 71 35 0 43 55 44 8 0 0 5 14 0 79 95 89 45 0  
0 77 7 0 0 44 60 69 37 53 54 99 0 64 28 52 24 83 89 38 99 28 0 31 46 83 58 52 0 0 46 0 0 74 59 17 74 55 0 100 2 0 93 69 55 43 21 13 0 94 100 83 31 0 24 43 26 0 0 0 11 70 0 39 0 97 50 83 38 52 34 90 0 81 74 0 0 37 4 82 0 77 5 87 0 81 48 3 0 76 64 57 24 41 56 41 90 0 40 0 21 0 83 0 8 0 89 56 0 67 44 0 0 0 48 0 55 57 0 92 0 70 97 69 67 59 88 0 8 81 68 28 0 67 19 0 88 0 24 0 0 93 0 69 44 26 0 0 0 70  
93 0 58 73 53 86 29 0 11 40 0 20 82 32 76 21 88 79 0 80 68 63 25 68 52 98 93 0 37 98 58 46 0 27 55 30 91 76 0 60 51 0 91 57 0 95 26 0 0 39 36 75 12 0 90 93 18 91 70 0 1 95 0 53 0 0 17 96 7 0 98 28 0 40 61 8 29 78 92 79 54 46 0 47 36 0 83 61 50 40 12 92 0 0 6 0 47 0 53 13 49 52 0 24 97 84 27 99 97 41 16 52 22 46 0 35 0 38 31 98 86 0 51 66 0 21 5 57 28 0 30 0 0 65 86 36 22 100 0 0 0 0 58 0 0 97 11 15 11 64  
71 13 46 73 77 67 8 20 62 43 90 46 40 10 54 0 79 55 80 0 68 0 78 13 98 88 50 45 2 18 51 0 52 39 34 98 12 17 0 0 77 0 0 34 0 52 0 31 41 0 1 0 8 18 34 50 0 80 0 0 55 79 96 17 0 40 0 46 3 87 0 17 0 62 4 0 48 19 32 11 41 98 0 49 97 0 0 0 65 35 17 83 93 93 87 3 0 45 7 55 7 0 19 21 0 61 69 38 3 27 69 66 13 0 69 93 60 1 40 63 29 61 31 0 69 79 97 0 28 0 8 47 0 53 100 42 25 76 0 48 8 0 11 20 31 87 83 38 5 9  
78 0 7 0 49 0 80 0 29 0 89 68 26 82 80 96 85 69 62 10 55 31 60 0 79 0 34 42 65 36 0 0 79 11 55 0 64 24 29 60 68 85 30 0 29 0 60 0 51 96 12 0 0 78 0 66 86 52 26 0 32 20 64 88 3 36 5 62 0 22 97 0 50 34 87 94 11 12 53 0 90 36 0 0 90 24 62 0 0 0 1 50 90 47 73 52 0 85 3 78 0 57 55 57 11 8 36 92 91 11 13 77 83 0 58 25 85 11 14 14 29 0 29 0 31 47 0 95 0 36 94 49 29 100 50 77 0 54 91 99 0 73 87 0 60 68 0 24 28 53  
18 53 0 34 54 12 4 0 39 12 79 33 0 50 94 75 20 45 0 0 27 94 0 68 48 28 88 54 0 21 100 46 14 7 33 73 26 6 38 19 0 47 80 0 0 80 16 47 41 80 85 82 68 95 42 69 30 55 31 34 76 0 90 0 0 12 9 82 63 53 0 93 0 65 0 80 0 0 6 0 0 3 80 0 90 2 0 61 0 41 30 52 54 31 0 80 0 97 0 16 0 78 79 0 27 84 80 96 0 56 6 79 83 36 42 88 78 36 81 0 2 0 23 0 64 91 59 0 0 50 61 0 24 81 94 48 66 0 89 80 18 72 0 94 8 37 3 8 26 10  
83 90 49 95 80 92 81 54 28 0 71 0 37 72 48 17 22 40 14 0 83 94 47 68 29 0 18 58 91 0 33 43 0 47 0 22 0 86 17 0 53 85 16 68 3 52 0 46 0 59 0 0 64 8 81 0 0 82 0 100 0 96 22 0 57 87 87 3 87 70 94 24 3 27 0 0 22 0 70 0 100 30 46 0 87 79 58 29 21 0 63 0 0 0 0 20 15 10 7 0 16 94 44 36 96 79 0 0 32 60 5 82 97 25 49 7 91 0 72 75 58 27 0 0 0 44 7 71 0 23 30 0 26 62 77 25 92 19 34 99 82 91 80 85 74 22 93 65 0 0  
93 0 12 0 0 0 26 10 0 10 0 0 0 33 66 33 25 0 64 73 73 87 0 47 0 22 0 0 46 48 0 21 75 52 92 0 0 53 0 53 0 0 0 32 21 94 0 89 94 59 32 84 67 21 70 87 0 31 0 60 77 0 3 71 0 63 12 22 76 6 20 12 15 5 72 59 17 61 0 78 39 83 16 0 9 55 99 55 54 74 0 14 78 0 0 62 63 0 22 45 41 82 64 29 17 20 96 70 30 10 48 1 0 17 0 54 76 77 0 0 0 10 78 0 63 0 0 37 64 100 53 9 40 0 16 0 0 25 19 3 0 83 22 77 68 0 0 79 0 0  
79 45 64 34 50 12 65 42 71 0 0 75 95 35 86 29 0 0 0 64 0 0 3 18 26 46 57 91 48 91 7 73 62 61 0 45 0 0 84 53 19 40 7 0 30 83 80 0 0 0 29 24 3 29 80 28 11 0 91 16 50 0 64 31 9 37 61 66 0 0 88 90 36 58 0 50 31 0 22 27 1 28 60 0 0 40 96 12 94 0 71 0 2 40 93 78 80 0 77 47 40 2 0 73 88 93 0 28 87 92 79 80 53 0 89 56 0 2 79 19 66 0 39 6 0 9 100 51 11 22 19 0 96 19 0 59 51 77 0 43 9 88 0 0 35 1 46 23 7 54  
46 0 74 5 0 0 63 0 78 47 66 63 31 5 8 89 52 44 44 30 0 81 15 9 97 61 0 81 41 26 0 100 0 4 64 51 0 50 0 97 74 66 34 0 0 0 0 34 0 0 62 29 99 34 0 92 79 17 0 13 0 60 0 0 91 37 74 73 42 52 35 48 0 28 69 21 98 15 71 43 66 83 61 76 61 0 0 0 68 63 62 56 0 1 69 46 77 11 80 82 16 15 0 92 33 64 11 67 0 68 2 18 0 85 88 23 0 15 0 34 0 58 48 13 17 61 0 0 0 95 95 22 15 31 78 0 2 0 0 50 35 20 0 35 23 83 91 36 36 48  
71 0 29 73 11 33 87 42 18 0 0 16 31 17 2 69 61 51 38 14 62 96 67 0 14 18 63 44 38 0 0 51 37 0 0 37 90 20 45 43 48 0 75 81 93 15 65 60 85 87 1 26 32 0 47 0 10 93 58 61 1 0 19 99 5 83 23 50 5 27 73 53 71 0 47 0 0 0 81 0 0 92 0 92 9 86 38 45 8 76 8 43 88 0 83 22 67 0 39 0 21 0 74 49 0 28 95 41 0 74 21 30 0 77 47 87 42 55 0 0 41 21 21 0 0 16 36 54 60 21 99 0 6 0 81 0 0 74 59 72 0 0 0 16 60 68 0 64 88 59  
0 8 61 74 86 0 49 42 26 0 81 49 0 0 43 27 17 0 1 0 67 85 0 0 0 0 89 40 61 61 0 82 50 0 67 6 0 86 20 12 0 22 51 9 0 82 74 0 70 38 0 54 19 55 89 66 30 61 0 56 51 0 62 60 29 76 39 0 30 8 88 4 92 31 8 82 0 52 32 35 0 0 72 99 39 44 4 59 47 2 46 0 69 75 0 8 61 0 58 0 21 11 37 0 57 56 0 24 47 88 24 70 69 42 61 77 73 48 74 75 6 0 26 0 62 70 98 20 0 0 40 44 12 96 7 77 89 21 65 0 40 90 0 66 90 30 46 40 98 17  
54 31 94 39 86 0 0 0 18 53 59 0 0 31 86 65 0 85 44 44 2 68 31 38 44 0 0 58 0 0 49 4 39 0 12 6 72 15 75 17 4 65 69 54 55 12 4 0 54 61 4 68 51 77 65 90 28 4 58 25 0 0 0 95 8 0 51 90 78 61 72 0 56 94 4 39 47 85 65 78 65 72 30 99 88 96 88 90 1 84 44 67 73 69 90 0 0 59 81 38 0 67 0 21 89 55 0 53 48 62 0 0 91 9 9 75 88 85 8 58 0 99 11 46 0 32 46 0 8 87 24 0 0 41 51 0 45 8 0 42 39 0 2 35 11 58 35 5 100 61  
7 34 77 28 0 24 36 0 0 0 31 42 92 13 49 88 11 8 23 31 59 0 80 46 38 58 84 16 66 22 0 0 0 0 52 0 48 91 0 0 59 52 0 0 28 98 35 34 0 59 42 71 0 31 25 62 93 93 0 33 93 29 22 11 47 75 45 0 26 40 96 60 0 0 6 9 95 30 0 23 67 76 66 17 81 0 37 98 94 0 12 0 86 0 0 91 0 66 44 0 0 0 79 38 66 0 13 55 46 0 61 0 0 52 64 55 99 82 0 0 0 84 0 21 33 0 31 0 89 31 35 0 94 32 75 47 19 0 0 85 18 0 0 92 51 30 24 61 69 96  
25 0 0 3 98 100 0 0 67 58 0 63 0 0 6 57 0 0 26 10 0 16 6 93 0 49 35 0 0 0 0 95 68 55 0 38 0 0 58 78 0 0 71 0 86 62 99 69 64 19 0 38 23 14 20 0 14 91 37 46 78 8 31 82 87 0 97 57 8 22 0 36 0 0 0 0 0 25 0 84 41 77 60 0 13 91 5 5 40 58 0 89 51 36 25 5 21 0 57 40 8 27 23 96 0 3 20 0 61 1 30 99 0 83 0 99 0 70 0 59 14 24 54 44 41 41 11 28 51 47 53 92 43 93 96 0 41 60 0 55 0 0 81 10 3 79 100 32 34 0  
70 26 3 75 0 9 88 88 0 3 0 30 53 0 27 0 39 43 65 6 46 27 15 16 22 92 88 46 42 77 49 61 30 92 76 42 0 55 0 21 64 0 54 0 0 48 68 31 84 64 43 38 25 72 17 99 0 0 0 70 0 84 0 35 24 0 0 0 10 36 67 15 0 85 87 35 83 55 0 13 23 0 29 0 52 18 44 74 0 44 33 3 70 7 17 27 0 64 0 0 0 0 84 67 49 0 0 2 26 0 31 2 52 7 19 3 52 38 0 0 0 95 21 0 0 9 0 47 0 0 0 57 45 55 0 75 0 1 0 50 91 99 37 23 0 54 89 74 34 0  
8 50 56 32 62 30 44 68 44 89 57 82 21 19 16 0 10 28 8 76 0 12 46 0 0 39 79 78 93 2 63 0 8 91 80 19 0 47 91 0 65 52 0 0 23 22 0 92 100 31 8 59 44 12 39 0 84 61 18 43 24 10 61 91 0 0 0 0 34 92 94 70 98 28 95 76 67 0 0 44 8 100 0 11 42 95 85 51 27 7 57 54 42 38 20 22 0 0 3 0 22 0 38 18 0 0 3 0 0 23 50 0 0 76 98 20 97 55 63 29 55 85 94 0 83 0 82 0 58 89 0 1 41 62 71 10 22 0 23 0 76 99 60 31 0 31 57 83 0 89  
36 20 49 43 0 0 3 74 0 0 54 5 11 0 20 49 21 0 63 35 29 15 0 6 21 99 25 90 75 73 59 12 4 92 82 37 73 0 18 34 70 41 92 52 0 56 34 0 25 43 0 7 80 32 76 5 10 45 88 50 5 0 96 76 18 99 0 38 15 0 74 100 0 38 71 18 0 34 57 50 0 42 2 0 68 37 95 14 53 0 89 21 0 93 0 39 0 91 0 37 0 49 22 0 69 0 46 0 0 39 82 0 52 0 88 94 21 67 0 35 91 19 40 17 92 67 19 18 94 63 0 0 0 30 56 86 97 0 8 0 18 7 91 66 51 0 57 35 0 98  
0 22 33 33 31 84 69 17 0 2 40 53 2 20 56 22 0 57 70 59 69 38 67 76 63 0 64 3 0 53 40 81 20 94 31 72 17 63 16 0 93 74 62 0 0 65 16 0 66 39 47 79 0 3 0 0 0 13 98 89 10 8 0 52 84 72 77 21 30 0 20 78 62 42 40 73 0 55 68 97 78 24 68 0 30 33 68 54 56 75 41 0 0 90 0 100 0 43 1 50 87 0 0 28 0 79 14 36 73 40 0 23 95 78 0 54 28 0 77 0 30 0 51 0 54 88 0 6 64 56 66 88 0 0 62 33 21 0 65 96 28 31 56 0 52 27 90 90 46 73  
6 42 87 95 82 29 0 0 26 51 93 0 64 87 59 54 26 35 46 0 54 0 44 0 71 0 38 0 0 0 44 0 95 0 88 5 19 0 57 0 0 77 22 25 87 0 0 61 48 77 24 0 86 2 0 51 55 29 58 0 44 6 3 80 20 91 77 0 43 0 0 12 66 39 44 74 0 0 0 94 9 45 93 85 65 63 45 13 16 34 2 0 0 15 5 0 55 95 0 0 17 30 0 84 0 56 68 76 33 56 59 3 5 63 18 30 4 41 28 59 11 0 94 100 99 76 14 4 56 0 52 0 38 85 82 55 0 51 70 36 11 37 15 28 11 4 0 67 52 0  
78 33 37 0 46 62 0 45 91 0 0 99 12 62 80 63 82 41 70 64 0 81 9 0 78 0 71 58 63 62 63 0 0 67 0 91 51 33 31 81 35 75 13 69 24 0 0 60 90 0 0 93 78 60 54 2 48 92 22 2 53 40 9 19 0 95 45 73 90 72 37 99 4 99 50 29 74 95 96 90 92 64 0 78 0 99 15 24 32 91 20 0 18 83 0 64 48 0 0 59 22 0 32 0 47 34 57 60 59 60 53 0 37 21 3 79 0 90 76 57 52 98 54 0 0 46 30 100 0 33 95 30 0 0 0 0 0 1 0 87 0 18 2 28 91 72 30 99 78 14  
99 29 67 57 38 94 24 0 72 91 38 97 48 0 59 0 0 35 65 58 16 47 71 0 0 47 0 59 86 4 0 0 0 62 73 59 61 70 98 1 22 39 30 93 51 71 36 15 45 73 0 36 36 34 32 0 12 21 41 0 46 75 0 26 53 0 13 98 73 60 2 66 39 60 25 3 0 36 74 49 36 12 24 65 79 0 87 0 80 63 37 22 41 8 64 0 93 0 67 77 76 67 0 31 0 63 0 48 0 0 0 0 81 0 4 0 0 47 0 48 37 39 0 74 27 0 0 93 12 62 55 4 69 50 40 85 0 20 57 0 8 0 3 88 73 46 0 22 69 99  
46 71 39 82 95 0 5 98 91 26 71 97 38 0 87 19 72 72 28 18 0 0 53 93 33 25 0 60 96 16 0 50 44 56 0 13 0 99 0 88 66 88 27 0 0 26 71 52 0 76 79 0 51 30 27 74 36 99 24 93 4 7 15 38 31 36 44 0 0 0 47 74 52 0 81 0 38 28 12 27 66 18 77 61 36 46 52 76 32 61 0 0 93 21 59 59 0 27 95 19 71 0 99 84 71 0 54 75 62 0 64 81 0 86 0 26 93 0 28 0 0 0 37 29 0 94 22 26 0 73 16 64 0 38 0 2 38 58 87 14 68 36 50 67 83 100 68 86 14 45  
10 69 31 4 46 87 65 0 89 38 0 99 99 0 92 48 82 20 42 0 64 20 25 0 0 90 72 0 1 31 0 11 0 33 0 68 21 95 86 44 58 95 55 25 0 37 26 0 0 30 54 34 51 59 66 0 0 38 89 0 39 41 94 2 17 0 14 1 0 12 43 3 46 49 5 23 30 65 91 90 60 98 74 43 0 0 72 47 0 76 7 80 12 45 13 76 54 17 84 39 88 49 40 76 0 85 0 96 17 1 34 70 0 30 0 58 93 0 51 0 75 58 44 21 1 0 71 69 74 96 69 98 0 0 0 58 0 35 0 44 0 23 0 24 0 70 25 38 0 14  
43 83 82 97 55 9 9 50 42 0 20 45 22 66 80 48 71 0 0 76 9 0 38 4 3 51 43 88 35 98 0 17 14 0 93 38 42 87 9 83 31 0 81 78 28 0 5 17 0 0 0 87 7 0 34 44 16 39 68 0 93 3 96 0 91 15 44 0 34 100 0 17 63 61 73 0 0 0 32 0 82 0 50 56 87 0 56 0 0 28 0 72 70 29 0 0 84 96 24 0 24 91 51 23 20 0 47 0 74 42 37 57 32 0 0 0 0 94 90 0 17 24 91 91 29 44 38 0 0 0 44 96 24 15 13 97 89 0 79 15 0 33 0 76 90 43 24 61 2 96  
31 71 50 29 31 51 0 47 0 83 83 0 50 0 100 67 84 0 65 26 0 23 0 0 0 0 89 0 0 95 0 0 27 0 21 75 22 94 86 0 0 0 17 0 89 31 84 80 90 81 63 0 36 96 55 54 23 58 0 13 95 0 27 0 46 0 56 0 4 37 50 0 2 85 57 0 0 0 31 0 0 98 39 21 94 100 14 14 69 56 0 0 39 61 7 74 84 0 9 50 12 77 37 34 0 20 66 0 0 0 72 21 78 39 86 99 0 30 10 0 0 76 15 12 32 0 47 45 0 89 0 55 0 87 95 83 87 0 0 0 82 0 67 90 0 65 0 81 0 0  
94 0 0 69 0 0 21 37 0 98 0 70 0 36 0 55 5 14 0 54 0 99 96 16 8 0 86 0 0 46 83 52 0 28 0 24 73 88 0 67 24 9 49 29 29 63 17 42 0 69 12 60 38 8 74 84 56 0 87 58 68 0 0 15 0 82 0 98 94 31 43 65 76 42 60 84 41 55 0 40 75 100 0 0 53 71 1 4 0 51 31 0 7 16 91 8 0 41 20 0 33 46 93 82 0 19 0 33 0 0 50 100 71 36 0 54 74 0 86 12 66 88 53 6 71 75 0 41 0 64 0 35 52 94 9 25 0 8 36 0 23 0 64 42 93 4 70 34 27 90  
47 63 46 90 26 55 33 22 43 26 93 47 74 50 0 45 43 0 82 30 33 65 34 53 52 33 63 47 93 24 77 70 42 0 0 22 86 0 11 0 77 14 5 0 80 0 66 72 47 30 58 38 12 90 0 69 0 0 0 0 0 84 0 0 0 93 88 0 19 99 100 27 0 34 0 25 19 0 0 75 0 0 94 41 32 61 0 13 24 84 11 39 49 91 84 40 19 16 0 0 19 0 37 0 89 25 63 82 51 44 0 25 48 60 87 25 21 1 58 0 62 73 7 0 57 70 43 25 20 36 59 0 96 0 12 0 60 44 42 55 4 91 0 61 0 50 0 86 0 9  
46 32 71 24 3 14 78 78 0 17 0 0 0 40 0 13 95 95 98 24 28 12 0 89 29 60 52 25 0 0 65 42 83 72 35 67 8 46 70 66 46 0 0 39 0 68 97 0 97 26 74 58 98 0 0 53 42 0 16 0 12 0 26 75 53 19 0 0 46 54 0 0 32 3 31 0 70 81 0 31 5 64 86 0 18 95 100 0 59 18 36 0 45 7 27 92 85 0 27 0 0 68 0 96 0 81 0 80 1 37 58 0 34 19 14 78 77 29 0 58 0 30 3 78 77 98 86 53 34 43 0 16 0 21 14 0 0 0 35 60 0 46 47 95 44 8 0 62 81 28  
53 0 0 0 40 4 28 90 32 63 48 12 81 38 57 30 0 49 12 76 0 18 94 60 75 0 11 91 76 82 65 66 22 0 61 71 0 1 92 70 3 32 0 0 84 30 87 20 0 0 13 54 0 4 29 0 0 43 28 0 27 0 47 0 95 0 0 87 37 35 0 98 55 15 83 71 37 59 65 29 46 79 27 81 0 93 96 66 0 11 0 0 88 51 0 13 5 0 0 3 0 0 84 25 0 15 79 16 44 31 28 6 0 67 0 55 26 0 0 27 74 57 11 0 0 68 89 0 89 0 68 34 0 33 16 12 5 100 0 92 13 0 40 0 0 49 0 73 0 54  
0 13 0 0 0 82 98 42 0 0 83 79 70 74 86 0 83 30 86 4 4 0 52 63 56 2 28 45 79 78 64 26 53 91 47 72 0 9 0 0 41 65 76 0 0 4 76 33 19 72 23 97 4 62 0 61 24 17 62 55 0 0 56 29 0 0 0 96 15 13 0 98 0 30 64 0 71 54 50 11 0 14 61 79 95 24 60 68 73 42 0 0 83 52 0 83 89 32 24 0 91 0 99 0 72 0 8 14 0 38 0 40 82 0 16 97 48 16 0 35 68 0 7 89 69 58 58 13 0 1 93 53 6 0 40 66 8 86 0 55 31 84 90 0 0 41 26 79 15 0  
41 79 91 56 0 0 94 72 72 13 0 71 61 82 9 50 32 0 0 0 13 0 99 76 81 71 96 31 0 89 0 1 94 69 32 78 0 83 46 95 15 7 37 56 0 23 9 90 50 5 92 43 93 85 65 0 30 41 0 67 72 0 13 67 0 70 0 0 35 46 60 92 89 28 8 31 74 11 84 0 83 81 85 91 22 64 53 22 2 53 54 12 0 64 84 73 0 72 0 0 69 82 60 23 70 68 71 0 5 79 56 45 94 34 0 62 81 0 37 97 0 23 0 0 93 65 69 0 0 30 71 37 40 28 77 59 13 0 72 4 17 47 0 88 46 42 0 0 68 76  
0 12 40 16 33 47 0 65 96 0 41 79 0 1 31 78 58 23 0 0 74 0 0 44 0 99 18 0 63 100 96 54 42 28 60 67 59 56 71 24 22 0 18 0 0 72 5 57 17 63 99 52 16 96 77 83 51 0 0 6 2 80 13 1 94 38 72 3 60 0 0 0 10 0 0 0 0 54 25 64 64 0 0 5 98 64 0 64 0 0 23 0 16 37 97 66 0 70 49 59 61 50 38 41 63 14 79 30 18 27 69 89 76 38 0 0 8 67 100 20 74 0 0 35 0 62 13 23 1 36 83 94 96 0 83 34 0 30 0 33 57 70 19 5 27 85 68 0 24 87  
90 0 22 94 87 0 36 17 89 37 13 18 0 0 72 92 40 0 91 69 99 55 0 0 40 88 26 46 53 93 31 0 0 0 15 12 44 36 38 76 81 0 46 0 5 23 62 90 88 0 65 29 0 19 93 47 100 27 93 33 0 93 0 46 74 34 0 0 0 0 0 0 0 68 12 43 70 69 83 0 9 18 65 40 20 99 63 0 73 51 82 98 0 87 80 0 12 80 0 6 1 14 0 100 88 0 35 14 72 69 46 74 50 89 16 28 0 0 85 4 52 12 60 66 0 93 92 15 0 0 3 14 70 45 71 19 43 7 61 16 73 16 0 26 0 0 56 17 56 34  
12 0 6 6 33 21 0 0 38 49 52 85 73 72 36 81 24 37 0 28 85 0 32 66 80 14 70 42 79 1 0 0 37 0 26 90 10 53 78 0 0 25 3 0 73 76 11 87 32 0 0 28 94 91 0 28 40 51 95 33 0 0 24 0 0 0 0 0 15 58 27 0 33 44 26 0 15 0 77 93 66 100 88 53 21 80 44 4 51 37 71 31 96 47 33 0 71 0 0 3 71 43 0 61 75 18 0 47 0 66 53 36 32 90 39 14 14 0 13 0 0 100 15 17 0 0 61 34 16 0 0 39 0 21 0 29 6 78 83 0 0 62 13 95 44 0 45 0 0 0  
0 55 82 76 0 0 91 0 13 60 42 97 95 80 18 28 0 0 88 0 0 0 8 38 76 0 60 47 17 84 37 0 61 0 49 0 0 22 27 99 46 80 14 52 0 75 0 64 57 0 13 60 0 40 80 64 0 52 4 59 20 20 61 49 0 73 93 0 0 0 99 43 13 0 14 0 0 62 28 7 0 14 16 42 0 0 0 0 23 10 0 22 0 0 74 76 0 0 62 19 89 38 98 28 85 38 0 19 75 0 21 83 56 64 0 95 0 94 0 51 15 31 74 32 13 56 0 88 63 0 67 98 65 47 69 0 64 35 99 6 89 41 21 40 40 40 86 22 51 0  
76 0 0 67 0 48 56 18 32 76 82 42 100 26 0 26 0 8 78 60 56 24 0 96 31 0 0 79 0 94 73 0 6 0 0 0 0 92 72 99 82 9 2 46 51 0 50 0 64 99 0 65 82 0 73 2 85 38 10 82 13 0 39 0 0 13 98 15 46 41 16 0 57 77 0 98 83 0 45 39 21 25 0 33 0 26 87 75 95 65 21 40 96 84 89 69 71 35 91 75 30 24 0 88 33 0 61 21 0 0 85 51 92 20 83 97 0 41 0 0 0 61 53 3 51 0 33 0 83 0 61 100 0 4 0 91 36 0 0 0 29 0 15 28 19 61 6 52 33 0  
6 19 0 31 42 0 7 63 0 28 10 72 45 21 73 0 100 0 54 95 34 65 95 66 0 0 0 0 20 19 59 59 78 71 83 25 0 72 0 0 27 35 32 0 26 91 23 41 0 0 45 91 57 0 0 77 72 85 1 46 70 17 0 90 19 19 46 88 0 0 16 0 8 0 0 74 22 10 68 28 21 0 0 0 0 0 19 19 33 95 41 77 23 99 45 37 52 60 27 95 62 74 79 0 0 0 0 39 15 0 19 59 0 39 15 38 23 62 86 0 0 0 0 0 0 4 45 15 79 49 61 76 19 0 52 61 25 0 53 0 18 34 32 40 12 0 0 0 91 53  
37 0 0 47 0 65 0 47 10 51 0 0 43 43 0 83 89 44 67 61 0 50 44 61 6 21 27 20 24 90 27 89 0 10 72 16 23 0 35 90 78 0 94 28 45 0 95 67 80 20 44 96 16 60 87 28 0 61 86 4 49 0 55 36 0 43 0 60 38 0 49 26 86 0 60 33 0 82 0 0 32 24 0 32 78 40 88 0 80 57 64 32 0 94 60 5 94 72 17 0 26 0 11 0 49 8 68 22 70 0 86 8 63 65 60 96 0 0 5 0 54 0 18 7 86 7 30 84 0 0 21 44 6 43 12 85 0 34 61 30 7 0 34 10 34 72 0 57 88 0  
89 0 83 0 33 0 5 0 68 95 12 39 66 0 1 0 19 87 63 49 0 81 0 98 64 82 17 93 39 56 0 0 22 72 3 66 0 25 61 70 59 54 18 84 4 72 0 0 0 25 78 9 57 92 100 98 70 66 0 53 27 91 71 0 91 90 15 4 55 75 1 71 19 0 18 95 61 10 41 25 61 0 60 9 84 1 42 83 0 18 0 0 0 94 58 97 22 38 80 0 38 51 0 56 24 92 73 92 81 0 82 61 22 15 0 53 90 56 34 20 0 66 0 13 5 42 45 7 16 10 99 0 56 60 17 71 35 99 94 88 27 0 41 54 48 0 64 88 42 11  
0 59 0 4 55 88 0 0 0 0 79 85 17 78 36 9 22 70 0 37 55 33 0 70 63 0 13 44 23 18 78 0 54 38 23 53 14 15 56 26 0 0 10 36 70 0 0 0 44 52 96 75 58 0 26 28 0 0 92 56 30 0 32 0 0 34 54 47 23 0 0 32 0 56 1 20 92 68 0 13 25 8 16 0 88 50 7 0 86 45 69 47 96 0 8 9 62 62 0 47 0 89 24 0 52 71 45 51 20 89 0 0 1 33 80 33 0 7 67 0 0 45 98 0 0 92 66 66 50 48 96 0 59 28 65 0 5 0 52 0 0 71 81 49 87 13 0 2 47 34  
62 85 33 64 15 0 19 7 13 40 79 92 12 83 0 30 0 29 0 34 47 55 71 66 65 97 94 0 27 91 77 63 4 0 70 100 100 87 28 17 60 7 0 9 9 72 0 47 2 73 0 50 54 35 55 57 0 44 0 0 14 4 76 33 28 43 0 0 63 21 0 0 91 60 8 17 62 80 58 58 59 3 95 0 0 32 0 49 4 66 0 49 2 30 63 78 0 0 0 29 0 0 69 55 76 71 0 18 98 19 98 0 0 25 0 59 0 39 77 0 44 0 0 0 0 15 72 0 8 63 0 48 35 13 0 53 37 0 57 0 18 27 83 71 30 50 5 82 69 7  
10 0 29 35 24 5 0 22 0 0 79 76 0 93 63 8 92 95 49 60 27 0 35 15 40 54 14 0 86 90 22 50 79 57 45 0 53 13 100 10 42 0 28 38 87 61 89 0 4 0 95 14 0 0 86 0 74 3 59 17 22 47 83 92 10 0 99 0 25 91 51 17 67 50 11 72 0 48 0 0 84 1 0 37 66 22 78 8 28 81 88 4 33 5 0 25 23 14 74 0 89 75 62 0 0 94 0 66 39 0 0 15 0 0 67 49 20 97 12 80 94 26 21 66 87 0 0 44 61 38 0 0 0 62 45 96 9 0 4 0 75 0 37 90 17 72 30 19 75 0  
7 0 76 45 10 44 18 80 0 13 3 6 24 0 45 0 76 78 0 68 30 25 54 72 0 36 0 51 60 24 20 0 0 0 18 0 30 47 0 76 0 30 53 68 74 66 0 0 37 93 79 0 17 18 0 33 65 46 35 0 83 25 99 46 63 32 0 0 6 47 5 8 42 10 0 48 0 78 92 53 0 71 38 50 22 0 26 0 52 64 52 0 9 0 0 3 7 21 87 60 28 19 0 37 65 27 0 0 54 68 0 88 47 16 24 19 15 2 0 98 76 0 27 1 0 29 0 54 47 8 84 46 41 91 89 80 97 0 13 94 88 94 0 0 0 0 9 10 34 38  
14 35 2 33 66 39 78 13 0 0 62 0 45 0 69 0 96 66 0 0 78 28 0 61 76 5 0 34 58 47 11 32 25 35 44 0 64 21 18 73 69 0 28 93 36 96 0 68 13 60 0 38 15 41 0 0 0 0 24 99 76 52 7 9 95 0 0 31 98 0 98 9 46 30 33 0 30 0 0 48 0 26 0 76 84 78 51 17 30 51 66 20 34 100 64 0 87 59 39 75 0 28 88 0 7 42 96 46 76 51 25 30 59 51 0 66 0 44 97 73 0 84 0 76 49 0 0 0 22 52 55 24 64 97 0 0 92 21 34 0 7 76 95 8 31 0 80 21 81 30  
18 37 13 49 64 65 0 32 95 3 0 0 70 7 85 78 21 25 55 42 8 0 29 52 0 99 32 10 18 78 0 78 59 15 86 23 83 16 0 3 0 82 11 0 17 70 2 6 77 0 38 80 46 66 39 42 59 16 63 6 1 45 0 62 57 0 0 49 2 0 44 0 0 11 83 85 78 0 96 49 7 46 56 20 65 43 95 16 35 51 5 53 81 0 0 8 0 77 9 8 0 8 50 56 0 58 0 41 64 0 60 24 4 80 3 0 0 0 42 38 1 0 75 94 51 57 44 0 0 0 44 3 0 84 26 0 0 0 59 14 0 93 70 15 43 50 36 0 58 29  
19 35 0 77 68 41 35 83 0 32 24 69 7 33 0 26 27 0 21 85 0 35 78 19 28 19 37 0 92 6 76 0 90 0 66 40 70 15 45 65 0 0 80 100 0 36 0 84 76 6 54 0 96 0 0 41 96 64 26 0 1 82 77 78 9 0 17 92 91 22 0 0 49 48 60 56 32 0 15 37 90 90 43 9 96 97 0 94 0 0 0 58 57 77 0 11 51 0 0 10 9 91 45 99 81 19 0 8 34 19 18 74 44 4 0 43 4 38 83 0 0 0 4 85 17 67 42 34 0 0 12 14 93 81 36 0 0 26 69 44 0 22 0 73 90 0 0 0 0 5  
0 48 18 86 80 15 10 0 2 0 66 92 54 13 93 0 0 3 0 38 63 9 64 91 64 90 0 19 26 75 87 25 58 93 18 0 35 7 99 14 63 16 51 27 0 26 0 0 59 0 0 36 78 30 84 85 0 50 0 49 0 0 93 42 0 0 69 36 58 32 47 91 12 0 78 0 30 38 20 42 56 40 0 95 92 0 0 0 88 0 0 64 66 88 59 0 0 0 68 66 9 7 0 96 30 69 95 68 6 0 58 83 85 18 75 95 78 100 78 47 0 8 99 0 91 18 69 0 22 0 0 14 67 23 0 36 0 49 28 9 41 77 4 99 0 29 3 41 7 17  
85 70 10 17 95 0 51 35 49 7 96 23 96 39 73 0 25 73 34 0 66 40 58 40 0 72 8 0 68 30 23 20 83 0 69 43 30 79 27 99 4 89 0 83 0 84 14 92 13 97 73 96 12 0 69 86 58 0 9 0 8 56 21 0 50 65 64 71 88 0 0 27 3 81 0 26 0 0 3 0 99 46 0 40 13 0 3 76 70 73 23 47 34 0 67 56 43 80 15 66 70 38 1 96 0 12 24 11 14 48 49 45 57 27 0 49 37 66 0 49 0 0 70 8 27 82 0 42 83 43 23 0 0 0 1 4 0 0 32 66 0 23 17 0 54 37 48 0 40 29  
4 91 87 0 0 19 0 86 85 0 57 71 0 5 0 0 53 91 75 94 0 9 86 24 79 41 4 17 5 26 19 60 28 6 34 51 0 98 34 50 0 12 15 32 0 66 92 6 0 0 0 92 78 67 36 93 6 0 38 89 7 0 13 48 0 43 58 87 76 15 0 0 0 23 84 0 0 0 0 54 7 96 89 0 0 59 58 2 37 44 96 24 93 100 82 0 76 10 91 65 0 13 86 0 68 0 29 0 14 67 74 0 0 22 58 92 55 0 0 11 3 3 60 0 5 0 52 70 38 12 0 0 0 54 0 0 85 89 85 40 0 0 35 0 87 95 10 51 0 0  
0 73 20 0 69 0 68 15 98 21 68 64 31 73 39 71 84 6 58 49 7 89 33 0 28 0 16 70 0 24 23 31 50 0 55 42 71 35 7 50 0 60 87 90 93 3 23 73 73 0 0 33 0 0 21 14 0 55 0 50 100 0 64 0 0 0 46 77 5 0 40 92 19 0 0 19 72 0 0 23 88 0 97 7 6 19 30 23 0 0 0 62 33 0 91 51 72 0 78 0 0 13 83 11 30 81 51 64 20 49 0 42 0 99 53 77 0 65 14 57 17 44 5 91 60 0 0 48 51 24 42 85 41 0 32 0 20 19 96 0 0 7 0 69 0 42 0 75 23 0  
5 0 84 48 0 26 0 69 19 89 3 0 0 0 85 21 74 91 16 47 29 47 16 0 13 56 56 30 51 18 43 32 39 8 67 26 32 42 28 95 100 75 0 63 24 0 85 2 97 0 89 2 29 73 49 33 73 0 0 0 20 11 0 88 50 0 76 97 0 0 0 0 55 58 6 71 0 0 50 80 3 0 0 17 99 35 59 40 52 38 61 93 26 75 23 90 0 12 11 0 64 63 0 0 5 37 0 94 83 0 48 0 58 0 0 29 23 81 0 20 0 96 0 78 53 80 50 0 69 32 0 96 94 7 0 0 0 47 78 1 0 91 10 62 45 9 16 92 34 3  
59 94 8 7 48 84 61 0 0 53 58 22 39 0 0 70 27 39 0 90 0 98 66 40 61 52 15 0 81 16 0 0 61 21 11 14 61 94 13 91 31 42 46 72 0 10 81 0 42 77 0 0 65 20 46 58 0 57 0 0 79 61 60 62 44 22 0 82 0 64 75 4 73 85 96 77 73 45 0 0 52 33 0 85 49 0 63 0 51 0 34 34 92 0 14 84 10 0 42 86 13 29 44 22 7 90 0 82 0 87 0 72 23 36 84 35 86 0 100 85 0 31 18 100 12 76 0 96 51 43 57 99 34 0 65 0 8 90 0 32 27 70 4 0 0 0 56 0 93 43  
47 30 12 0 14 11 74 30 0 0 82 52 15 47 0 52 64 46 40 56 73 25 35 8 35 32 34 63 14 0 86 81 35 3 0 45 74 47 0 22 100 22 90 76 0 68 14 8 28 62 77 61 51 2 71 48 39 0 6 1 0 83 0 25 12 11 15 62 0 67 16 62 0 49 21 34 94 82 97 98 8 92 50 0 32 8 10 11 0 0 0 58 0 28 99 59 45 15 37 71 0 2 61 41 0 74 0 5 0 1 27 0 72 57 89 0 94 48 38 64 4 0 0 14 0 4 2 13 83 54 74 77 0 30 48 68 0 7 35 45 67 100 74 99 17 0 4 45 82 56  
76 54 60 0 0 8 44 0 0 85 55 50 29 0 97 0 22 0 11 45 0 59 98 27 4 0 99 47 42 28 91 66 84 91 85 82 0 29 36 17 10 35 0 26 63 49 73 13 29 0 0 38 0 29 35 0 16 45 77 71 9 7 89 41 0 61 44 77 50 0 95 0 0 71 53 0 0 60 30 0 97 47 30 22 0 6 53 0 0 43 36 23 95 0 39 23 69 60 53 94 54 0 85 1 65 89 7 0 92 67 0 85 0 50 54 28 43 41 0 75 24 0 81 52 68 87 6 0 70 20 12 88 59 45 0 22 0 0 0 8 44 25 3 0 58 84 24 83 0 0  
0 0 54 45 0 0 57 46 4 88 33 43 20 37 55 0 10 45 76 70 73 94 59 100 62 80 80 19 0 25 65 0 0 37 82 0 40 88 53 0 86 0 3 0 83 73 79 23 19 85 0 22 68 0 22 50 91 48 94 0 62 9 0 27 30 0 0 92 57 7 57 60 17 0 4 71 56 2 0 4 0 0 63 0 83 0 3 0 0 88 0 41 0 30 61 96 29 0 0 53 59 0 51 32 81 100 22 80 20 16 10 25 81 38 21 80 13 87 11 15 0 0 0 1 78 100 15 14 92 28 63 0 0 0 24 0 75 0 0 92 69 92 80 0 0 76 79 72 0 0  
48 6 62 0 0 94 0 94 5 0 94 0 40 52 76 0 0 100 40 66 13 98 0 53 80 20 1 0 0 0 23 0 27 30 9 41 93 40 60 0 0 65 9 0 64 60 27 4 55 0 64 90 73 88 0 5 11 2 0 98 58 35 75 81 0 73 26 76 59 97 60 0 62 0 33 0 4 47 43 57 13 99 0 81 4 42 0 51 13 0 11 59 94 2 51 72 42 64 90 0 0 0 0 72 0 58 57 53 13 0 53 18 0 33 0 0 9 15 22 0 96 0 72 41 54 95 18 92 0 57 11 0 18 0 44 0 30 72 72 0 0 50 22 0 83 5 100 91 76 18  
96 0 41 18 55 84 25 59 64 67 0 0 80 41 19 81 0 30 8 0 42 91 100 14 0 60 0 0 0 16 16 20 52 51 47 69 20 98 59 23 98 42 7 0 56 0 17 91 73 43 86 71 38 0 27 0 99 23 85 0 80 2 29 0 27 50 22 0 86 89 14 0 37 80 10 1 16 0 57 10 52 0 0 0 13 0 18 0 12 0 11 58 14 73 0 53 0 59 85 28 64 0 59 60 0 0 28 56 30 0 71 0 0 16 0 72 67 21 33 77 0 2 0 51 0 0 0 62 0 77 10 43 14 34 97 72 41 11 67 0 0 68 71 0 80 24 0 9 0 0  
42 18 68 0 91 23 24 14 58 6 25 32 0 79 62 28 92 0 76 53 0 0 77 54 60 77 0 17 100 49 82 83 0 35 85 58 73 76 23 0 61 14 17 88 0 90 0 73 94 20 1 0 0 10 15 14 24 61 73 61 0 13 0 79 0 50 88 74 42 25 28 1 12 6 55 20 0 23 0 0 51 27 0 0 98 90 67 12 0 0 71 27 89 91 66 50 96 2 64 3 58 74 68 0 51 0 3 40 43 72 92 98 40 0 85 43 37 6 100 19 70 60 19 0 88 0 0 0 77 49 13 44 20 97 98 0 35 39 0 93 0 0 27 49 66 0 0 41 43 95  
0 67 0 0 94 87 83 78 94 73 37 25 88 81 19 31 0 18 32 66 5 50 70 50 91 13 1 79 37 0 88 0 4 60 37 0 0 0 11 58 68 95 30 0 8 93 3 0 50 92 7 70 38 59 0 77 0 36 79 0 27 90 82 28 0 92 63 0 95 66 48 0 0 85 82 6 0 55 0 81 0 17 63 46 56 67 0 50 16 32 36 85 62 53 64 57 86 0 77 0 3 62 0 10 26 19 5 3 14 45 11 55 71 0 70 96 73 84 36 60 50 35 0 47 26 70 27 24 46 91 0 39 7 86 69 15 0 7 9 100 29 0 0 84 79 28 90 24 0 36  
71 83 93 0 37 80 0 68 98 0 0 92 49 67 62 2 4 76 0 22 33 0 17 52 0 41 62 53 0 92 42 41 69 57 52 1 67 0 10 6 0 66 99 23 17 0 2 69 62 12 39 88 28 38 0 0 7 57 0 0 66 10 0 27 74 0 100 81 32 0 25 74 67 67 8 0 73 0 0 58 12 61 19 67 0 12 0 46 28 31 24 10 81 9 22 28 66 52 74 0 74 0 69 96 29 0 0 24 1 53 92 0 36 26 51 84 34 0 26 0 6 73 76 98 36 65 33 35 59 44 78 0 0 0 0 95 0 99 46 0 47 0 70 0 0 70 52 14 0 21  
18 66 41 57 57 0 12 0 18 88 91 98 12 0 47 2 73 0 0 86 0 59 93 13 44 89 87 47 59 92 0 29 42 81 35 0 0 96 58 0 88 0 0 96 50 73 91 16 0 9 0 50 44 48 99 74 98 75 0 0 37 0 60 0 0 0 0 0 86 50 53 47 0 99 50 81 98 87 0 54 25 70 72 73 10 26 54 10 0 0 66 6 45 0 14 25 31 83 14 50 1 14 15 32 0 85 13 50 24 68 87 50 27 1 58 84 84 58 36 0 72 0 0 6 32 86 94 61 0 0 0 0 3 27 0 0 0 0 8 0 4 0 0 16 0 0 49 14 0 2  
83 68 0 49 88 3 64 47 45 70 0 50 50 0 0 55 28 12 79 40 69 55 0 86 50 91 0 89 0 97 83 90 86 100 36 44 14 22 8 43 59 13 0 80 12 0 39 40 10 81 0 99 2 37 0 21 0 94 21 0 0 0 43 83 25 27 0 97 47 52 64 46 65 88 54 0 10 39 41 75 97 24 31 36 0 0 67 0 98 0 9 48 29 9 23 49 87 95 94 55 0 0 32 76 0 33 49 62 0 74 6 93 0 0 70 0 39 0 23 73 0 0 95 82 0 56 35 41 57 0 22 7 0 85 38 56 18 0 0 0 0 91 0 0 76 0 38 91 53 8  
61 0 0 0 0 69 13 0 53 0 89 44 31 71 33 89 65 8 81 80 77 62 91 16 18 0 54 35 0 95 0 72 0 38 35 62 68 41 80 90 0 0 54 74 38 73 0 0 67 28 32 0 0 0 30 0 10 30 9 88 63 0 85 11 98 82 33 34 81 0 68 0 65 0 70 63 61 42 33 0 0 0 95 8 0 49 97 46 56 59 78 86 67 21 4 83 14 67 69 18 28 82 0 47 11 20 62 0 0 74 0 0 73 75 39 91 33 82 0 28 33 91 2 0 96 0 79 97 73 84 0 35 35 22 18 0 90 49 42 49 7 41 91 0 0 0 0 38 14 85  
78 0 84 0 62 80 0 0 74 49 39 39 5 36 96 88 6 58 63 0 34 99 50 45 33 91 59 87 50 95 93 88 84 5 14 45 27 58 0 73 29 90 82 41 86 0 32 80 39 52 95 76 0 54 0 27 78 1 4 17 12 0 0 25 0 35 43 59 68 62 0 95 86 0 32 1 0 13 65 53 21 7 0 25 57 97 32 0 82 39 43 94 60 0 88 52 0 56 74 0 12 79 37 0 51 11 0 0 0 0 0 26 0 60 0 48 74 10 0 49 52 79 43 91 0 0 99 99 40 94 50 0 26 2 14 23 6 50 18 79 0 97 23 20 65 20 24 0 74 35  
46 20 0 15 49 0 79 57 0 50 23 99 6 0 14 21 17 82 89 89 0 0 75 70 1 1 46 76 0 64 0 55 0 98 86 13 0 79 0 16 0 91 6 0 31 0 32 63 51 85 0 26 65 21 95 19 0 0 57 76 0 0 51 36 14 8 94 0 55 87 18 15 0 77 71 20 49 0 20 51 60 0 93 75 11 46 0 93 25 21 88 53 0 83 90 45 99 37 38 0 57 19 19 72 1 0 27 69 27 0 37 78 64 3 86 44 0 0 86 100 57 63 3 37 0 37 0 38 59 0 0 93 0 60 70 7 33 0 0 17 53 39 77 20 53 38 43 0 0 75  
0 2 13 0 0 86 85 0 15 0 0 0 94 0 76 0 74 0 0 0 0 26 91 72 0 0 0 62 49 0 28 74 9 41 0 44 0 12 0 100 32 23 65 67 6 0 58 0 45 19 0 0 0 32 0 16 27 0 15 40 1 59 0 92 28 0 30 0 0 5 33 82 78 90 0 0 29 0 0 52 35 57 13 76 84 8 84 28 0 63 0 34 20 71 2 30 58 0 82 28 54 0 76 5 47 49 98 95 61 0 5 0 29 56 88 95 0 0 78 43 68 94 43 30 5 43 0 96 56 44 53 0 8 71 56 0 13 0 96 80 41 0 5 10 74 57 59 27 100 0  
