0 96 135 216 i i 89 427 282 353 113 31 i 193 192 246 332 338 194 557 i 377 286 i 128 71 125 i 475 155 199 34 161 190 155 i 427 341 205 235 i 132 211 258 337 i i 213 238 133 98 138 293 64 298 i 214 172 201 126 330 413 120 103 141 507 77 157 360 355 312 i 502 364 283 162  
339 0 146 182 i i 315 393 248 389 17 331 i 231 352 282 298 342 230 523 i 343 252 i 269 231 251 i 441 219 104 246 127 226 191 i 463 333 197 140 i 362 222 224 303 i i 216 274 274 224 174 329 294 334 i 151 76 431 190 345 420 280 192 118 543 289 61 396 321 278 i 468 330 275 200  
362 110 0 292 i i 302 354 358 403 127 343 i 214 206 326 259 418 312 484 i 304 213 i 292 85 327 i 402 169 214 328 237 319 284 i 477 206 70 250 i 345 76 334 264 i i 326 356 297 300 267 411 277 378 i 224 186 344 140 306 293 134 268 228 557 371 171 478 431 388 i 429 440 148 246  
333 81 227 0 i i 133 211 66 260 98 161 i 71 177 181 116 160 294 341 i 161 70 i 263 56 184 i 259 140 185 186 208 125 255 i 334 191 278 221 i 202 303 42 121 i i 297 194 268 157 238 393 134 233 i 81 157 271 111 163 278 105 125 199 414 229 142 460 139 96 i 286 148 133 231  
145 168 82 224 0 i 195 435 290 300 185 137 i 139 119 193 340 285 141 565 i 385 294 i 75 143 201 i 483 227 146 179 169 137 102 i 374 288 152 182 i 238 158 266 345 i i 160 185 80 174 85 240 170 245 i 141 244 307 198 277 360 47 179 160 454 222 229 307 363 320 i 510 372 230 111  
280 235 125 267 i 0 257 478 333 226 222 199 i 173 286 328 383 420 67 608 i 428 337 i 210 210 133 i 526 294 189 116 212 272 237 i 300 331 195 225 i 300 201 309 388 i i 86 111 123 106 220 166 232 380 i 236 311 200 265 203 149 214 111 190 380 159 296 96 406 363 i 553 415 273 246  
i i i i i i 0 i i i 44 i i i i i i i i i i i i i i i i i i i i i i i i i i i i i i i i i i i i i i i i i i i i i i i i i i i i i i i i i i i i i i i i i  
213 130 20 208 i i 98 0 274 80 142 205 i 105 226 156 153 152 104 130 i 198 233 i 143 105 125 i 48 189 137 77 160 100 65 i 154 226 90 14 i 167 95 250 158 i i 123 137 148 98 48 203 168 208 i 25 206 236 160 200 313 154 66 145 234 120 191 270 347 304 i 75 356 168 74  
304 304 194 280 i i 67 273 0 317 111 95 i 123 400 115 178 94 231 403 i 223 132 i 234 279 246 i 321 363 305 247 225 59 239 i 391 125 264 188 i 196 270 322 183 i i 250 128 239 219 222 330 128 167 i 143 283 263 334 220 212 328 187 205 471 290 268 397 419 376 i 348 82 67 165  
447 209 209 128 i i 188 339 194 0 162 289 i 199 305 309 244 288 422 469 i 289 198 i 377 184 128 i 387 268 313 283 336 253 383 i 74 319 279 349 i 330 141 170 249 i i 253 57 382 101 366 521 262 361 i 209 285 399 239 149 406 233 106 181 154 326 270 588 267 224 i 414 276 261 359  
i i i i i i i i i i 0 i i i i i i i i i i i i i i i i i i i i i i i i i i i i i i i i i i i i i i i i i i i i i i i i i i i i i i i i i i i i i i i i i  
270 248 138 185 i i 58 396 251 356 102 0 i 162 344 318 301 345 197 526 i 346 255 i 200 223 250 i 444 307 271 213 130 262 227 i 430 336 200 307 i 101 214 227 306 i i 216 241 205 223 210 296 33 370 i 266 324 170 278 333 416 272 191 110 510 256 309 363 324 281 i 471 333 278 131  
191 191 128 185 i i 75 225 251 57 119 183 0 139 35 197 130 129 152 107 i 175 255 i 121 166 109 i 25 229 114 54 137 148 113 i 131 317 181 150 i 144 51 227 135 i i 171 114 126 82 96 251 202 249 i 161 235 213 200 177 371 152 50 128 211 97 220 318 324 281 i 52 333 259 108  
300 278 168 215 i i 88 426 281 386 132 129 i 0 374 348 331 375 227 556 i 376 285 i 230 253 280 i 474 337 301 243 160 292 257 i 460 366 230 337 i 131 244 257 336 i i 246 271 235 253 240 326 63 400 i 296 354 200 308 363 446 302 221 140 540 286 339 393 354 311 i 501 363 308 161  
156 156 93 235 i i 206 430 301 276 173 148 i 118 0 169 335 261 117 560 i 380 289 i 86 131 177 i 478 215 157 166 180 113 78 i 350 282 146 193 i 249 155 277 340 i i 136 161 91 150 61 216 181 221 i 204 232 318 186 253 336 180 155 171 430 209 217 283 374 331 i 505 383 224 87  
272 189 79 351 i i 252 433 417 315 206 264 i 164 285 0 338 92 163 563 i 383 292 i 202 164 184 i 481 248 273 212 296 159 124 i 389 285 149 73 i 295 155 393 343 i i 182 126 207 157 107 262 227 52 i 84 265 364 219 218 372 213 125 204 469 255 250 329 490 447 i 508 499 227 133  
234 225 115 211 i i 193 95 277 144 237 226 i 200 240 67 0 159 199 225 i 45 281 i 164 200 161 i 143 248 133 70 156 195 160 i 218 321 185 109 i 262 190 253 5 i i 218 193 169 134 143 298 259 119 i 120 105 331 219 47 408 168 139 147 298 113 90 365 350 307 i 170 359 263 169  
670 432 432 351 i i 411 562 417 223 385 512 i 422 528 532 467 0 645 692 i 512 421 i 600 407 351 i 610 491 536 506 559 476 606 i 297 542 502 572 i 553 364 393 472 i i 476 34 605 324 589 744 485 584 i 432 508 622 462 126 629 456 329 404 377 549 493 811 490 447 i 637 499 484 582  
213 168 58 200 i i 190 411 266 159 185 132 i 106 219 261 316 353 0 541 i 361 270 i 143 143 66 i 459 227 122 49 145 205 170 i 233 264 128 158 i 233 134 242 321 i i 19 44 56 39 153 99 165 313 i 169 244 270 198 136 219 147 44 123 313 92 229 166 339 296 i 486 348 206 179  
257 184 74 121 i i 216 118 187 167 201 249 i 192 263 90 23 182 222 0 i 68 191 i 187 159 184 i 166 243 156 93 66 205 183 i 241 272 136 132 i 37 150 163 28 i i 155 216 192 157 166 321 255 142 i 143 128 106 214 70 359 191 127 46 321 136 113 388 260 217 i 193 269 214 192  
i i i i i i i i i i i i i i i i i i i i 0 4 i i i i i i i i i i i i i i i i i i i i i i i i i i i i i i i i i i i i i i i i i i i i i i i i i i i i i i  
i i i i i i i i i i i i i i i i i i i i i 0 i i i i i i i i i i i i i i i i i i i i i i i i i i i i i i i i i i i i i i i i i i i i i i i i i i i i i i  
280 271 161 216 i i 89 141 282 190 133 130 i 1 286 113 46 205 228 271 i 91 0 i 210 246 114 i 189 294 179 116 161 241 206 i 264 139 231 155 i 132 236 258 51 i i 247 239 215 87 189 327 64 165 i 11 151 201 265 93 226 214 55 134 344 159 136 394 355 312 i 216 364 81 162  
208 231 145 253 63 i 126 464 319 363 170 68 i 142 182 256 369 348 204 594 i 414 323 0 138 206 176 i 512 173 209 85 198 200 165 i 437 351 215 245 i 169 221 295 374 i i 55 248 143 149 148 303 101 308 i 204 88 238 144 340 423 110 154 178 517 128 292 370 127 84 i 539 401 293 174  
70 105 7 149 i i 120 360 215 225 122 62 i 67 201 118 265 210 66 490 i 310 219 i 0 80 126 i 408 164 71 104 94 62 27 i 299 213 77 107 i 163 83 191 270 i i 85 110 5 99 10 165 95 170 i 118 181 232 135 202 285 129 104 85 379 147 166 232 288 245 i 435 297 155 36  
277 25 171 207 i i 229 418 273 397 42 269 i 141 121 290 323 367 238 548 i 368 277 i 207 0 246 i 466 84 129 271 152 234 199 i 471 358 222 165 i 272 247 249 328 i i 241 282 212 219 182 337 204 342 i 143 101 341 55 370 445 49 187 143 551 314 86 404 346 303 i 493 355 300 208  
i i i i i i i i i i i i i i i i i i i i i i i i i i 0 i i i i i i i i i i i i i i i i i i i i i i i i i i i i i i i i i i i i i i i i i i i i i i i i i  
299 169 116 135 i i 258 160 201 209 186 291 i 190 265 132 65 224 264 42 i 110 205 i 229 144 190 0 208 228 198 135 80 126 91 i 283 286 150 174 i 79 192 177 70 i i 169 258 234 163 208 363 253 184 i 185 170 148 199 112 373 193 168 88 363 178 155 430 274 231 i 235 283 228 234  
193 188 130 160 i i 50 200 226 32 94 185 i 114 199 172 105 104 149 82 i 150 230 i 123 163 84 i 0 204 89 29 112 145 110 i 106 314 178 125 i 119 47 202 110 i i 168 89 128 57 93 248 177 224 i 136 210 188 175 152 368 127 25 103 186 72 195 315 299 256 i 27 308 256 83  
i i i i i i i i i i i i i i i i i i i i i i i i i i i i i 0 i i i i i i i i i i i i i i i i i i i i i i i i i i i i i i i i i i i i i i i i i i i i i i  
235 152 42 78 i i 211 289 144 285 169 227 i 127 248 178 194 238 126 419 i 239 148 i 165 127 147 i 337 115 0 142 23 122 87 i 359 229 93 36 i 258 118 120 199 i i 112 170 170 120 70 225 190 230 i 47 228 327 86 241 316 176 88 14 439 185 213 292 217 174 i 364 226 171 96  
164 199 101 243 i i 214 454 309 319 216 156 i 161 170 212 359 304 160 584 i 404 313 i 94 174 91 i 502 258 165 0 188 156 121 i 393 307 171 201 i 257 177 285 364 i i 179 204 99 64 104 259 189 264 i 192 275 326 229 296 379 98 69 148 473 43 260 326 382 339 i 529 391 249 130  
283 136 220 55 i i 188 266 121 315 153 216 i 126 232 236 171 215 279 396 i 216 125 i 213 111 210 i 314 195 240 119 0 180 240 i 389 206 70 276 i 257 296 97 176 i i 89 249 218 183 223 378 189 288 i 136 212 326 166 218 293 160 180 254 469 162 197 445 194 151 i 341 203 148 246  
328 245 135 279 i i 152 489 345 371 196 193 i 64 341 56 394 148 219 619 i 439 348 i 258 220 240 i 537 304 329 268 224 0 180 i 445 341 205 129 i 195 211 321 399 i i 238 182 263 213 163 318 127 108 i 140 321 264 275 274 428 269 181 204 525 311 306 385 418 375 i 564 427 283 189  
330 78 170 260 i i 187 352 326 401 95 228 i 99 174 91 257 183 254 482 i 302 211 i 260 53 99 i 400 137 182 303 205 35 0 i 475 204 68 164 i 230 246 302 262 i i 273 217 265 72 198 353 162 143 i 175 154 299 108 304 291 102 77 156 555 346 139 420 399 356 i 427 408 146 224  
i i i i i i i i i i i i i i i i i i i i i i i i i i i i i i i i i i i 0 i i i i i i i i i i i i i i i i i i i i i i i i i i i i i i i i i i i i i i i i  
373 135 135 54 i i 114 265 120 170 88 215 i 125 231 235 170 214 348 395 i 215 124 i 303 110 54 i 313 194 239 209 262 179 309 i 0 245 205 275 i 256 67 96 175 i i 179 227 308 27 292 447 188 287 i 135 211 325 165 217 332 159 32 107 80 252 196 514 193 150 i 340 202 187 285  
565 482 372 516 i i 389 726 582 608 160 430 i 301 578 293 631 385 456 856 i 676 585 i 495 457 477 i 774 541 566 505 461 237 417 i 682 0 442 366 i 432 448 558 636 i i 475 419 500 450 400 555 364 345 i 377 558 138 512 511 87 506 418 441 762 548 543 622 655 612 i 801 664 520 426  
315 350 252 359 i i 232 284 425 333 276 273 i 144 428 256 189 348 242 414 i 234 143 i 245 325 257 i 332 409 316 258 304 307 272 i 407 136 0 298 i 275 328 401 194 i i 261 286 250 230 255 341 207 308 i 154 294 274 380 236 223 356 198 277 487 301 279 408 498 455 i 359 507 78 176  
199 116 6 278 i i 179 360 344 249 133 191 i 91 212 142 265 234 90 490 i 310 219 i 129 91 111 i 408 175 200 139 223 86 51 i 323 212 76 0 i 222 82 320 270 i i 109 134 134 84 34 189 154 194 i 11 192 291 146 226 299 140 52 131 403 182 177 256 417 374 i 435 426 154 60  
264 66 132 179 i i 52 390 245 350 83 93 i 156 162 312 295 339 191 520 i 340 249 i 194 41 244 i 438 38 170 207 124 256 221 i 424 330 194 206 0 95 208 221 300 i i 210 235 199 217 204 290 27 364 i 184 142 164 96 327 410 90 185 104 504 250 127 357 318 275 i 465 327 272 125  
312 147 37 84 i i 217 295 150 344 164 245 i 155 243 224 200 244 308 425 i 245 154 i 242 122 149 i 343 206 251 148 29 168 269 i 418 235 99 287 i 0 113 126 205 i i 118 278 247 122 252 407 218 276 i 165 223 69 177 247 322 171 90 9 498 191 208 474 223 180 i 370 232 177 275  
i i i i i i i i i i i i i i i i i i i i i i i i i i i i i i i i i i i i i i i i i i 0 i i i i i i i i i i i i i i i i i i i i i i i i i i i i i i i i i  
i i i i i i i i i i i i i i i i i i i i i i i i i i i i i i i i i i i i i i i i i i i 0 i i i i i i i i i i i i i i i i i i i i i i i i i i i i i i i i  
229 264 166 267 i i 279 478 333 139 281 221 i 226 235 277 383 369 225 608 i 428 337 i 159 239 156 i 526 323 230 65 253 221 186 i 213 372 236 266 i 322 242 309 0 i i 244 196 164 129 169 324 254 329 i 257 340 391 294 42 444 163 134 213 293 108 325 391 406 363 i 553 415 314 195  
84 180 219 300 i i 173 511 366 437 197 115 i 171 276 163 416 255 278 641 i 461 370 i 212 155 209 i 559 239 283 118 245 107 239 i 511 425 289 236 i 216 295 342 421 0 i 297 289 217 182 222 377 148 215 i 247 256 8 210 381 497 204 187 225 591 161 241 444 439 396 i 586 448 367 246  
235 222 112 280 90 i 153 466 346 355 197 95 i 169 209 248 371 340 196 596 i 416 325 27 165 197 203 i 514 200 236 112 225 192 157 i 429 318 182 106 i 196 188 322 376 i 0 82 240 170 176 140 295 128 85 i 117 115 265 171 332 405 137 158 205 509 155 283 362 154 111 i 541 428 260 166  
194 229 131 273 i i 175 484 339 349 219 186 i 87 200 242 389 334 190 614 i 434 343 i 124 204 121 i 532 288 195 30 218 186 151 i 423 337 201 231 i 218 207 315 394 i i 0 234 129 94 134 289 150 294 i 222 305 287 259 326 409 128 99 178 503 73 290 356 412 369 i 559 421 279 160  
636 398 398 317 i i 377 528 383 189 351 478 i 388 494 498 433 477 611 658 i 478 387 i 566 373 317 i 576 457 502 472 525 442 572 i 263 508 468 538 i 519 330 359 438 i i 442 0 571 290 555 710 451 550 i 398 474 588 428 92 595 422 295 370 343 515 459 777 456 413 i 603 465 450 548  
301 112 2 144 i i 277 355 210 351 129 293 i 193 208 244 260 304 192 485 i 305 214 i 231 87 213 i 403 171 66 208 89 188 153 i 425 208 72 102 i 324 78 186 265 i i 178 236 0 186 136 291 256 296 i 113 188 346 142 307 295 136 154 80 505 251 173 358 283 240 i 430 292 150 162  
474 222 112 404 i i 414 466 470 515 239 455 i 326 318 438 371 530 424 596 i 416 325 i 404 197 27 i 514 281 326 440 349 431 396 i 589 318 182 362 i 457 188 446 376 i i 438 468 409 0 379 523 389 490 i 336 298 456 252 418 405 246 5 84 669 483 283 590 543 500 i 541 552 260 358  
165 95 102 244 i i 145 369 310 215 112 157 i 57 191 108 274 200 56 499 i 319 228 i 95 70 116 i 417 154 166 105 189 52 17 i 289 221 85 181 i 188 94 286 279 i i 75 100 100 89 0 155 120 160 i 192 171 257 125 192 275 119 94 173 369 148 156 222 383 340 i 444 392 163 26  
303 269 171 188 i i 91 399 254 60 135 33 i 195 365 326 304 348 230 529 i 349 258 i 233 244 188 i 447 328 304 246 163 270 260 i 134 369 233 340 i 134 201 230 309 i i 249 117 238 161 243 0 66 378 i 269 345 171 299 209 120 293 166 143 214 289 330 67 327 284 i 474 336 311 164  
237 215 105 152 i i 25 363 218 323 69 66 i 129 311 285 268 312 164 493 i 313 222 i 167 190 217 i 411 274 238 180 97 229 194 i 397 303 167 274 i 68 181 194 273 i i 183 208 172 190 177 263 0 337 i 233 291 137 245 300 383 239 158 77 477 223 276 330 291 248 i 438 300 245 98  
220 137 27 299 i i 200 381 365 270 154 212 i 112 233 163 286 255 111 511 i 331 240 i 150 112 132 i 429 196 221 160 244 107 72 i 344 233 97 21 i 243 103 341 291 i i 130 155 155 105 55 210 175 0 i 32 213 312 167 247 320 161 73 152 424 203 198 277 438 395 i 456 447 175 81  
343 91 237 273 i i 295 484 339 463 108 335 i 207 187 356 389 433 304 614 i 19 343 i 273 66 312 i 532 150 195 337 218 300 265 i 537 424 288 231 i 338 313 315 394 i i 307 348 278 285 248 403 270 408 0 209 167 407 121 436 511 115 253 209 617 380 152 470 412 369 i 559 421 366 274  
513 261 151 443 i i 453 505 509 554 278 494 i 365 357 477 410 569 463 635 i 455 364 i 443 236 103 i 553 320 365 479 388 470 435 i 628 357 221 401 i 496 227 485 415 i i 477 507 448 76 418 562 428 529 i 0 337 495 291 457 444 285 44 123 708 522 322 629 582 539 i 580 591 299 397  
i i i i i i i i i i i i i i i i i i i i i i i i i i i i i i i i i i i i i i i i i i i i i i i i i i i i i i i i i 0 i i i i i i i i i i i i i i i i i i  
427 344 234 378 i i 251 588 444 470 295 292 i 163 440 155 493 247 318 718 i 538 447 i 357 319 339 i 636 403 428 367 323 99 279 i 544 440 304 228 i 294 310 420 498 i i 337 281 362 312 262 417 226 207 i 239 420 0 374 373 527 368 280 303 624 410 405 484 517 474 i 663 526 382 288  
i i i i i i i i i i i i i i i i i i i i i i i i i i i i i 29 i i i i i i i i i i i i i i i i i i i i i i i i i i i i i 0 i i i i i i i i i i i i i i i i  
544 306 306 225 i i 285 436 291 97 259 386 i 296 402 406 341 385 519 566 i 386 295 i 474 281 225 i 484 365 410 380 433 350 480 i 171 416 376 446 i 427 238 267 346 i i 350 154 479 198 463 618 359 458 i 306 382 496 336 0 503 330 203 278 251 423 367 685 364 321 i 511 373 358 456  
478 395 285 429 i i 302 639 495 521 73 343 i 214 491 206 544 298 369 769 i 589 498 i 408 370 390 i 687 454 479 418 374 150 330 i 595 491 355 279 i 345 361 471 549 i i 388 332 413 363 313 468 277 258 i 290 471 51 425 424 0 419 331 354 675 461 456 535 568 525 i 714 577 433 339  
228 121 165 303 i i 180 502 369 348 138 220 i 92 72 241 407 333 189 632 i 452 361 i 158 96 197 i 550 180 225 238 248 185 150 i 422 354 218 261 i 223 227 345 412 i i 208 233 163 170 133 288 155 293 i 94 197 292 151 325 408 0 138 217 502 281 182 355 442 399 i 577 451 296 159  
469 217 107 399 i i 409 461 465 510 234 450 i 321 313 433 366 525 419 591 i 411 320 i 399 192 59 i 509 276 321 435 344 426 391 i 584 313 177 357 i 452 183 441 371 i i 433 463 404 32 374 518 384 485 i 331 293 451 247 413 400 241 0 79 664 478 278 585 538 495 i 536 547 255 353  
390 138 28 320 i i 330 382 386 431 155 371 i 242 234 354 287 446 340 512 i 332 241 i 320 113 140 i 430 197 242 356 265 347 312 i 505 234 98 278 i 373 104 362 292 i i 354 384 325 113 295 439 305 406 i 252 214 372 168 334 321 162 81 0 585 399 199 506 459 416 i 457 468 176 274  
293 165 55 218 i i 34 409 284 90 78 285 i 186 261 341 314 378 289 539 i 359 268 i 223 140 167 i 457 224 269 129 292 285 250 i 164 261 125 305 i 317 131 260 319 i i 99 147 228 140 233 388 249 393 i 279 241 386 195 239 348 189 108 27 0 172 226 455 357 314 i 484 366 203 259  
495 243 133 425 i i 435 487 491 536 260 476 i 347 339 459 392 551 445 617 i 437 346 i 425 218 48 i 535 302 347 461 370 452 417 i 610 339 203 383 i 478 209 467 397 i i 459 489 430 21 400 544 410 511 i 357 319 477 273 439 426 267 26 105 690 0 304 611 564 521 i 562 573 281 379  
278 195 85 121 i i 254 332 187 328 212 270 i 170 291 221 237 281 169 462 i 282 191 i 208 170 190 i 380 158 43 185 66 165 130 i 402 272 136 79 i 301 161 163 242 i i 155 213 213 163 113 268 233 273 i 90 15 370 129 284 359 219 131 57 482 228 0 335 260 217 i 407 269 214 139  
531 448 338 482 i i 355 692 548 574 126 396 i 267 544 259 597 351 422 822 i 642 551 i 461 423 443 i 740 507 532 471 427 203 383 i 648 544 408 332 i 398 414 524 602 i i 441 385 466 416 366 521 330 311 i 343 524 104 478 477 53 472 384 407 728 514 509 0 621 578 i 767 630 486 392  
229 122 166 304 i i 181 503 370 349 93 221 i 93 73 242 408 334 190 633 i 453 362 i 159 97 198 i 551 181 226 239 249 186 151 i 423 355 219 262 i 224 228 346 413 i i 209 234 164 171 134 289 156 294 i 95 198 293 152 326 409 1 139 218 503 282 183 356 0 400 i 578 452 297 160  
272 165 209 347 i i 224 546 413 392 136 264 i 136 116 285 451 377 233 676 i 496 405 i 202 140 241 i 594 89 269 282 292 229 194 i 466 398 262 305 i 267 271 389 456 i i 252 277 207 214 177 332 199 337 i 138 241 336 60 369 452 44 182 261 546 325 226 399 43 0 i 621 495 340 203  
313 146 146 65 i i 101 276 131 181 99 43 i 136 242 246 181 225 240 406 i 226 135 i 243 121 65 i 324 205 250 220 173 190 270 i 11 256 216 286 i 144 78 107 186 i i 190 238 248 38 253 339 76 298 i 146 222 213 176 228 343 170 43 118 91 263 207 406 204 161 0 351 213 198 174  
231 161 104 133 i i 193 344 199 5 167 223 i 123 257 174 249 77 122 474 i 294 203 i 161 136 133 i 392 177 62 171 85 118 83 i 79 287 151 98 i 254 146 175 254 i i 141 62 166 106 66 221 186 226 i 109 237 323 148 154 341 185 111 76 159 214 222 288 272 229 i 0 281 229 92  
i i i i i i i i i i i i i i i i i i i i i i i i i i i i i i i i i i i i i i i i i i i i i i i i i i i i i i i i i i i i i i i i i i i i i i i i i 0 i i  
237 272 174 281 i i 154 206 347 255 198 195 i 66 350 178 111 270 164 336 i 156 65 i 167 247 179 i 254 331 238 180 226 229 194 i 329 58 244 220 i 197 250 323 116 i i 183 208 172 152 177 263 129 230 i 76 216 196 302 158 145 278 120 199 409 223 201 330 420 377 i 281 429 0 98  
139 174 76 218 i i 119 429 284 225 163 131 i 31 252 187 334 279 66 559 i 379 288 i 69 149 132 i 477 233 140 82 163 131 96 i 299 282 146 176 i 162 152 260 339 i i 85 110 74 105 79 165 94 239 i 187 250 231 204 202 285 180 110 154 379 125 235 232 357 314 i 504 366 224 0  
